381 826.4861
679 741.9281
869 712.7417
279 706.8645
985 702.9978
265 698.1860
53 688.8152
875 688.5703
545 683.6181
935 680.0998
562 679.8816
685 671.1141
177 654.9331
995 652.1566
113 650.3219
93 646.1784
195 645.2156
731 642.5524
59 642.3250
410 640.3686
190 636.9790
783 632.4212
989 629.5840
558 628.9350
692 611.0175
197 610.9650
503 609.3491
278 608.7252
271 607.9357
504 607.8876
539 607.5468
364 606.0562
413 605.9837
154 604.7871
415 602.8105
14 602.5573
301 601.7624
784 600.9641
369 600.6281
186 600.0115
57 599.5895
442 598.3598
514 598.2418
49 597.4036
187 596.9226
398 595.8437
439 595.7567
8 595.4896
612 594.6072
323 593.6980
247 591.9845
778 591.2663
94 590.9771
577 590.6217
257 588.9386
745 588.9348
318 586.8448
678 586.2679
624 586.0642
535 585.7928
662 583.7079
224 582.7849
489 582.0887
65 581.2463
193 580.9240
779 580.8216
992 579.8185
54 579.4145
962 578.4803
592 577.0128
573 576.7698
788 576.2368
16 575.6921
179 574.8405
517 573.6750
874 572.8996
855 572.6296
256 571.6234
775 571.4366
820 570.2528
34 569.7027
699 569.4398
6 569.1216
188 568.3115
98 567.8489
5 567.2315
919 566.5889
37 566.4610
821 566.3564
712 566.3517
979 565.0389
137 564.3653
734 563.8039
196 563.6569
832 563.6516
313 561.7548
943 561.6495
768 561.3264
42 561.1500
231 561.0026
314 560.3185
403 560.1928
560 559.3992
82 558.0703
441 556.7908
297 556.6561
396 556.2057
142 556.1332
22 555.8205
961 555.6145
654 554.3653
761 554.0312
790 553.2531
116 552.7306
32 552.0939
885 551.6856
609 551.0425
169 551.0094
911 550.6453
165 550.3110
511 550.0815
732 549.3144
284 548.8958
377 548.6269
132 548.1745
744 548.0574
915 547.5541
819 546.4608
112 546.3951
964 544.6855
152 544.6586
445 544.2131
501 544.0763
793 544.0397
280 543.6202
216 543.4256
322 543.2438
547 542.8481
952 542.1892
764 542.1122
891 541.7943
727 541.6187
99 540.1124
273 539.8087
777 539.3186
81 538.9197
172 538.6660
210 538.5713
457 538.1035
202 537.9621
927 537.8461
368 537.3729
576 536.9286
0 536.8487
554 536.7870
747 536.7743
593 535.9385
127 535.7845
128 535.7509
717 535.5852
452 535.0955
335 533.7900
902 533.6130
483 533.2369
656 533.2065
642 532.7189
500 532.2750
815 532.1619
83 531.0886
200 531.0063
108 530.6078
163 530.5019
597 530.4649
209 530.3162
386 530.0469
799 529.9565
183 529.8854
465 529.7561
687 529.7300
627 529.3048
431 528.1431
391 528.1274
720 527.5116
509 526.5839
91 526.4330
709 526.4232
615 526.3464
287 526.0617
269 525.4656
77 525.2259
991 525.2151
46 525.1027
837 524.8703
774 524.5952
349 524.3661
507 524.3343
272 524.1242
977 523.6026
232 523.3914
144 523.2042
114 522.5200
723 522.2483
616 521.8234
341 520.9752
414 520.7576
71 520.3005
858 520.0855
967 520.0156
299 519.5451
635 519.2470
336 518.9728
711 518.9349
889 518.8508
337 518.7376
412 518.3694
35 518.2404
865 517.5533
691 517.2471
611 516.5419
739 516.0386
4 515.8209
563 515.7374
748 515.7230
478 515.3055
661 515.1857
325 515.1063
31 514.2521
405 514.1038
621 514.0521
103 513.8401
315 513.6444
392 513.6208
976 513.4879
240 513.1186
936 513.1165
899 513.1141
822 512.5687
879 512.2014
270 512.1422
86 511.9511
395 511.5316
370 511.4005
461 511.3894
756 510.9765
159 510.4146
623 510.1753
85 510.1260
458 510.0239
363 509.7870
659 509.5140
921 509.4841
233 509.1233
574 508.7442
422 508.6474
974 508.5544
630 507.9964
421 507.8211
244 507.2997
850 506.9273
987 506.7794
374 506.6154
184 506.2241
824 505.4674
122 504.9278
521 504.6444
373 504.3973
250 504.2332
145 504.0825
275 503.8089
173 503.7214
182 503.5689
264 501.6296
605 501.5399
203 501.4388
67 501.1655
537 500.7575
474 500.7331
302 500.6927
281 500.6833
839 500.6451
492 500.3610
525 500.3576
988 499.4014
880 499.3086
254 498.8019
329 498.6319
304 498.5453
842 498.0342
557 497.8176
652 497.1874
96 497.1158
321 497.1031
133 496.9978
447 496.9945
508 496.7341
877 496.6009
918 496.3427
716 496.0910
898 495.5029
107 495.0149
681 494.9115
569 494.8512
759 494.2342
95 493.9075
719 493.6989
741 493.6861
166 493.4601
397 493.1975
588 493.1400
552 492.8448
399 492.7487
118 492.6272
900 492.6229
33 492.3462
863 492.3193
938 492.2532
143 492.0065
450 491.6302
74 491.4836
60 491.2865
343 491.2518
62 490.9520
797 490.3189
954 489.4010
276 489.3545
101 489.3372
69 489.3266
366 489.1748
808 488.9627
378 488.5866
663 488.2333
694 488.1189
277 487.8244
945 487.4725
826 487.3371
704 487.0278
674 486.6137
910 486.1885
619 485.9887
180 485.7590
367 485.7234
115 485.6258
937 484.9793
800 484.9713
353 484.4708
994 484.1782
841 483.9810
438 483.7030
660 483.4698
472 483.2810
753 482.8762
426 482.5638
293 482.4103
556 482.4040
883 481.9251
861 481.7500
375 481.0505
347 480.7892
876 480.4721
418 480.1374
846 479.8460
288 479.8273
917 479.0485
540 478.9027
326 478.8599
238 478.6799
437 478.3933
424 478.3617
466 478.2641
454 478.0749
303 477.6388
966 477.0923
479 477.0013
909 476.8617
394 476.5747
476 476.4502
310 476.0452
601 476.0105
973 475.8839
502 475.7946
651 475.7695
632 475.7687
586 475.7211
754 475.6684
773 475.6343
235 475.3757
708 475.2910
847 474.4515
258 474.1070
881 473.8806
806 473.4832
561 472.7804
245 471.9469
852 471.8554
940 471.7522
585 471.6086
365 471.5550
626 471.0252
290 470.9891
703 470.8976
359 470.3816
848 470.2542
251 470.1946
175 469.9920
25 469.9613
420 469.7789
23 469.5612
606 469.5502
953 469.3803
463 468.2904
150 468.1214
613 468.0409
736 467.8355
307 467.2740
721 466.5988
340 466.1000
795 465.6238
371 465.2975
629 465.2660
600 465.0517
518 464.7686
191 464.6957
477 464.1204
667 463.6693
19 463.4544
218 463.0691
219 462.3304
905 462.0803
551 461.5709
641 461.4885
259 461.2225
372 461.0843
124 460.5752
199 460.2815
789 459.2136
148 459.1496
978 458.9252
24 458.7955
456 458.7751
587 458.5710
684 458.4908
61 458.4334
117 457.3919
167 456.2229
253 456.1129
817 455.5153
18 454.7836
650 454.7461
856 454.3984
594 454.3108
138 454.2331
285 454.1158
435 454.0726
261 453.8259
549 453.7816
628 453.7117
121 453.3595
827 453.0580
27 452.2588
207 451.7472
513 451.6558
58 451.6075
390 451.4404
786 450.7261
382 450.5808
928 450.4239
354 450.0991
68 449.9177
963 449.8224
729 449.4468
607 449.4321
519 449.3699
575 448.9395
289 448.9107
892 448.7440
155 448.3636
225 448.3422
361 448.2294
470 448.0680
688 448.0624
722 448.0604
266 447.9793
135 447.9198
853 447.8324
766 447.5332
634 447.4908
482 447.4433
407 447.3553
816 447.2718
959 446.7721
818 446.7595
740 446.7488
131 446.7431
292 446.4896
782 446.4214
769 446.2126
512 445.7323
494 445.7275
864 445.5319
469 445.5280
79 445.4397
689 445.3409
211 445.2421
948 444.2923
931 444.2458
762 444.0590
884 443.8584
125 443.8217
565 443.5493
50 443.4895
30 443.3336
657 443.0251
682 442.9771
807 442.8882
215 442.8380
419 442.7588
873 442.6311
834 442.2377
814 441.9396
168 441.6589
833 441.6178
872 441.5066
358 440.7008
536 440.2479
252 440.0488
417 440.0097
110 439.9048
55 439.8116
980 439.4703
622 439.2378
198 439.0665
443 438.8727
724 438.5257
80 438.4040
984 438.1485
149 437.6990
346 437.6312
389 437.3244
162 437.3013
263 437.0651
76 436.9879
239 436.8459
813 436.7172
602 435.6987
595 435.6650
804 435.3069
305 435.1408
970 435.1292
791 434.9253
870 434.6561
803 434.0660
705 434.0312
781 433.3992
246 433.3340
170 433.2628
393 433.2305
941 433.0908
896 432.8473
332 432.2727
490 432.1861
201 432.0116
87 430.4482
578 430.3938
677 429.7192
862 429.0267
949 428.8129
89 428.6167
923 428.0242
48 427.9953
156 427.9645
673 427.7528
857 427.7258
237 427.5662
730 427.5628
75 427.3136
221 427.2424
653 426.7948
757 426.7095
971 426.6062
92 426.3805
655 426.3225
969 426.2508
591 426.1699
710 425.9278
658 425.7876
344 425.3019
867 424.8700
922 424.5871
385 423.9639
72 423.9345
497 423.8995
205 423.6279
903 423.5576
639 423.4116
644 423.0795
812 422.7425
260 422.5258
348 422.4283
29 422.2400
548 422.2073
529 421.6355
707 421.4811
912 421.2763
934 421.0682
828 420.9437
64 420.6582
229 420.5669
295 420.3053
147 420.2876
531 420.2767
625 419.9154
895 419.8964
327 419.8688
296 419.6069
683 419.5716
228 418.9709
772 418.1243
648 417.5539
698 417.3728
787 416.6264
942 416.1673
726 415.9092
543 415.8743
643 415.8160
486 415.6969
157 415.1003
328 414.8485
951 414.8295
751 414.6146
427 414.3438
499 414.2541
972 413.0347
130 412.9190
423 412.6054
524 412.1682
400 411.6158
929 411.5217
589 411.3738
581 410.7515
355 410.7356
451 410.5945
241 410.4994
702 410.4428
771 410.4129
671 410.2589
649 409.9865
425 409.9435
555 409.9433
28 409.8865
706 409.8318
21 409.5451
286 409.4162
47 409.2987
428 409.2961
433 409.1601
614 408.8050
675 408.6623
214 408.3463
750 408.2997
488 408.0195
633 407.6878
204 407.3574
339 407.2860
10 406.9961
584 406.9515
316 406.6871
146 406.2310
406 406.1656
664 406.1372
220 406.0447
767 405.9870
309 405.8890
357 405.4713
471 405.2907
946 405.2787
119 404.9395
430 404.7657
897 404.6427
317 404.0749
459 403.9365
690 403.9289
823 403.6681
568 403.2851
693 402.8971
553 402.8821
546 402.6105
249 402.5223
738 402.1909
887 402.0048
770 401.8517
798 401.3792
765 401.3620
526 401.1870
752 401.0364
986 400.8755
70 400.1234
236 399.9881
481 399.7092
20 399.6192
243 399.3379
171 399.3050
725 398.9210
527 398.6840
401 398.3746
878 398.3095
901 398.0757
362 398.0539
446 397.9811
484 397.9208
957 396.9495
136 396.6148
13 396.5191
140 396.3740
161 396.3426
404 395.6945
78 395.6438
640 395.4168
388 395.1671
733 394.4464
134 394.3978
749 394.3756
780 393.6815
255 393.3704
672 393.0834
510 392.7090
111 392.5908
311 392.2042
645 392.1154
993 392.0663
542 391.6836
718 391.6748
485 391.5385
924 391.4396
7 391.4229
181 391.4108
491 391.3883
566 390.9693
801 390.8831
890 390.8597
944 390.2897
760 390.0044
838 389.9111
907 389.7687
352 389.3755
755 389.3631
464 389.3508
871 389.1325
123 388.8250
17 388.7320
84 388.6038
550 388.0577
533 387.5375
844 387.5273
453 387.4052
886 387.1904
90 387.0324
2 386.7428
735 386.7107
3 386.4985
860 386.3621
306 386.2589
153 386.2226
109 386.0364
45 385.8588
409 385.8310
351 385.5519
572 385.0178
495 384.3603
811 383.8295
932 383.8042
776 383.6010
541 383.3462
998 383.2215
598 383.1809
981 383.0963
522 382.7658
402 382.5236
66 382.1910
955 382.0099
126 381.7034
713 381.4506
888 381.2367
564 380.9426
487 380.8852
151 380.8321
448 380.4679
73 380.4379
164 379.9111
120 379.8205
274 379.0142
43 378.7481
52 378.7436
603 378.7098
947 378.6166
583 378.4744
746 378.3722
379 377.4460
217 377.4244
432 377.3079
139 377.0715
141 376.7454
676 376.6927
300 376.6441
475 376.2831
223 376.1615
51 376.0799
580 375.6855
646 375.4132
610 375.1911
809 375.1741
40 374.7318
916 374.6347
356 374.2220
11 373.6811
530 372.8140
686 372.7716
802 372.1121
840 371.7353
825 370.8736
636 369.7748
97 369.5872
298 369.5222
15 369.1418
882 369.0557
176 369.0415
178 368.9292
449 368.5499
599 367.8239
868 367.7334
620 367.5635
950 367.4042
206 367.2105
590 366.7224
100 366.5338
532 365.7715
854 365.1203
836 364.8594
222 364.5277
785 364.0707
338 363.9857
291 362.6476
36 362.5730
283 362.4994
968 362.1993
282 361.8890
579 361.8271
174 361.7855
480 361.0607
26 360.8850
312 360.4204
571 360.3792
331 360.0703
893 359.9851
680 359.6735
617 359.2980
350 358.8678
737 357.8634
544 357.0006
505 356.9260
498 356.5957
192 356.5090
408 356.4507
851 356.0043
559 355.7534
715 355.7353
908 355.4435
933 355.2076
637 354.6803
242 354.6261
975 354.2921
528 354.2177
965 353.7804
460 353.7643
696 352.9745
608 352.8739
570 352.4433
859 352.2626
534 351.7250
496 351.3299
999 351.1796
714 351.1771
1 350.8922
758 350.8059
324 350.6020
429 349.9382
226 349.5313
158 349.2140
926 349.2133
805 349.0269
582 348.9161
829 348.0808
665 347.1167
960 347.0705
894 346.0896
631 345.7072
384 345.3160
376 345.3008
792 344.5956
105 344.2013
920 343.9610
39 343.3501
342 343.2007
194 342.6053
213 341.3259
387 341.2650
516 341.2008
866 340.7845
440 340.0425
743 339.5225
104 339.4756
44 338.6148
102 336.0167
493 335.7868
268 334.6215
810 334.4621
506 334.1103
189 333.6268
796 333.5380
523 333.4250
701 333.2025
416 332.1191
330 331.5879
41 331.1660
63 330.7618
360 330.6762
794 330.2703
455 329.5946
56 328.4279
618 327.5817
411 327.4939
248 327.0396
208 326.9750
230 326.2103
185 325.7936
913 324.8374
436 322.1811
670 321.1960
700 321.0569
904 320.7972
308 320.6253
996 318.9140
320 318.4678
638 318.1912
434 318.0728
604 317.9430
12 317.4296
106 317.2037
596 315.6644
830 315.6551
695 314.5369
906 313.8793
983 313.7896
462 311.7472
468 311.6853
383 311.2172
647 311.1490
9 310.8907
234 310.8008
835 310.3952
728 310.3807
567 309.8166
982 309.3660
666 309.1461
212 308.5602
515 307.7483
831 307.6449
742 307.2374
925 304.3593
345 299.0555
333 298.7438
294 297.8427
473 296.7893
227 294.9253
267 294.8186
444 293.3573
997 290.5431
160 289.1306
763 289.0795
843 288.9709
849 285.5040
845 283.5124
930 281.2612
129 279.0642
262 278.3437
88 278.1928
467 277.5161
669 276.1551
520 275.9163
958 275.7283
538 275.1527
380 272.5786
914 266.0484
939 265.6479
334 264.6553
38 259.7662
668 259.5021
956 258.1910
319 258.0215
697 257.9261
990 254.2049
