106 659.6970
382 655.0315
39 650.2760
979 644.2332
960 632.9619
541 629.1774
555 622.4717
197 619.8457
570 617.8200
91 616.5367
811 614.9408
207 612.4756
829 611.3911
944 609.2155
109 608.7958
305 605.8440
875 603.6463
766 599.9857
662 599.9429
99 599.2503
987 597.7433
404 596.7093
135 595.8012
477 594.6545
747 593.5776
745 592.5736
539 589.5332
296 588.1952
248 583.5695
183 581.6286
764 578.4691
436 577.3544
683 576.6375
815 575.8643
506 574.2362
676 574.1697
926 573.3915
263 573.0393
315 572.4694
710 572.4177
457 568.3186
464 567.8255
462 564.6570
906 564.3449
953 563.6655
64 563.5999
990 563.5737
288 563.5105
199 562.2962
367 562.0122
913 560.9123
874 560.5052
405 559.9237
466 559.7132
46 559.6338
760 559.4356
586 558.3906
418 557.1264
62 556.1234
816 555.8529
712 555.6329
724 554.9046
980 554.2904
810 552.3796
24 551.9019
337 551.2859
308 549.2610
556 549.0386
931 548.4782
149 548.3133
410 547.6634
575 547.3603
504 547.3369
797 546.8073
294 544.9882
579 544.1120
671 543.7659
509 541.8717
822 541.6479
269 541.4437
53 540.2739
451 538.5729
858 538.5225
962 537.8642
511 537.0602
749 536.7522
870 536.5676
946 535.9439
283 535.9099
168 535.7488
813 533.7390
358 533.4622
115 533.3037
150 533.1237
242 533.0954
930 532.6446
29 532.4632
568 532.1488
218 531.6451
316 531.4876
7 530.6324
413 530.4021
134 530.2126
564 530.0678
739 529.9001
142 529.2734
648 529.2073
761 528.3474
132 528.2598
339 527.0317
967 526.8901
611 526.4407
25 526.1371
740 525.5546
421 524.7382
663 524.5601
371 524.3542
872 524.1406
301 523.7721
929 523.0245
715 522.9184
800 522.4953
703 521.7777
190 521.0977
169 521.0855
482 520.6973
608 520.5099
37 520.4291
700 519.0786
968 518.1697
973 518.1436
57 518.1057
210 517.8732
241 517.7784
424 517.1026
461 517.0728
41 515.2798
792 515.1678
489 515.1625
450 515.0177
82 514.7953
205 514.6329
166 514.0095
997 513.6354
978 513.5774
964 513.5309
279 513.3668
631 513.3195
118 512.9841
612 512.7600
86 512.3975
310 512.3030
36 511.3111
229 510.5650
323 510.4145
422 509.9547
695 509.9113
497 509.8665
569 509.7092
195 509.4719
15 509.4719
302 509.2921
374 509.2333
535 509.2278
642 509.1158
719 509.0344
185 508.9765
303 507.7598
617 507.6888
643 507.5686
701 507.4286
78 507.1863
386 506.7085
605 506.6559
910 506.6388
338 506.5780
743 506.4856
123 506.3937
481 506.0710
601 505.9432
540 505.9283
272 505.6440
181 505.2377
390 505.0254
131 504.9608
212 504.9236
993 504.2635
592 504.1391
523 504.1377
670 503.8754
634 503.5622
415 503.5106
406 502.5104
182 502.3561
985 502.2661
373 502.0415
389 501.9244
228 501.7567
193 501.6760
733 501.3158
42 501.0565
934 500.9541
141 500.9458
180 499.6136
295 499.4892
514 499.1861
494 498.9034
795 497.9887
255 497.7108
275 497.5552
928 497.5349
236 497.3557
376 497.1922
471 496.6965
146 496.6294
728 496.4364
713 496.3427
163 496.2354
309 495.9496
136 495.4405
448 495.0061
802 494.5971
908 494.5616
958 494.5542
880 494.5222
620 494.2981
80 494.1098
826 494.0602
399 493.8922
878 493.8307
877 493.6883
819 493.4525
796 493.4490
777 493.1469
171 492.8539
644 492.6102
812 491.9986
549 491.8036
746 491.4275
260 491.1102
895 490.4866
684 490.1226
172 490.1204
145 490.0894
901 489.9524
117 489.8046
370 489.7161
20 489.2397
345 489.0875
512 488.8965
866 488.7970
113 488.6703
636 488.6254
801 488.5353
920 488.4388
137 488.1734
691 487.9482
654 487.6403
116 487.3609
580 487.1987
346 487.1418
652 487.1235
426 487.0758
907 486.8890
441 486.8820
138 486.3215
89 486.3132
688 485.6682
292 485.1781
444 485.0399
982 485.0059
742 484.8688
732 484.7608
799 484.6915
52 484.5261
994 484.3533
577 483.7374
984 483.2640
912 483.0241
122 483.0123
981 482.8185
970 482.8130
720 482.6898
372 482.3073
935 482.1729
356 481.9376
674 481.8845
547 481.8174
101 481.7150
256 481.5669
992 481.5279
525 481.4708
673 481.4672
998 481.4167
521 481.3821
124 481.3414
989 481.1317
499 480.9103
2 480.6787
107 480.4947
574 480.4611
245 480.1827
408 480.0997
486 480.0519
383 480.0364
143 479.6643
395 479.5970
557 479.5690
238 479.5119
517 479.1341
267 479.1250
98 478.9845
381 478.7993
669 478.7597
351 478.6052
411 478.4369
791 478.4045
723 478.2068
756 478.1898
767 477.9997
830 477.9357
454 477.8564
699 477.6873
6 476.8558
550 476.3654
807 476.2924
606 476.1220
627 475.8227
328 475.8039
438 475.7951
324 475.3993
762 474.7668
921 474.5574
265 474.3769
449 474.2866
431 474.2679
775 474.2305
609 474.1911
162 474.0836
832 474.0402
159 473.9030
336 473.8880
771 473.8405
787 473.6175
595 472.6833
456 472.5203
297 472.1077
220 472.0258
510 471.8918
247 471.6414
649 471.3643
246 471.3381
365 471.1464
666 470.9663
917 470.9212
969 470.5890
573 470.4317
311 470.2774
59 470.1737
243 470.0514
192 470.0119
537 469.6255
881 469.5108
4 468.9093
314 468.8599
388 468.5244
480 467.8658
326 467.7259
148 467.2261
583 467.1583
818 466.9161
127 466.8755
889 466.8341
922 466.6713
270 466.4440
508 466.3184
394 466.0887
842 466.0817
868 465.7952
533 465.6832
625 465.6103
705 465.3410
790 465.2354
838 465.2335
665 465.1823
914 465.0586
741 464.4250
647 464.3994
581 464.0881
307 463.9754
789 463.8302
898 463.8126
836 463.7732
770 463.6877
318 463.5875
240 463.5619
655 463.4408
88 463.2617
120 463.0601
618 462.9518
226 462.7233
496 462.5993
237 462.1756
860 461.9028
560 461.7685
203 461.6576
194 461.6245
645 461.5704
833 461.4374
903 461.1904
43 461.0592
888 460.6990
780 460.5586
75 460.3129
945 460.2015
894 460.0813
293 459.9892
264 459.8297
364 459.7807
943 459.6704
391 459.5874
899 459.4748
679 459.2608
32 459.1701
354 459.1622
250 458.6180
534 458.5368
379 457.9778
853 457.6603
782 457.6496
859 457.5912
803 457.5065
548 457.4191
234 457.1339
102 456.9707
702 456.7270
681 456.4467
353 456.3447
90 456.2965
614 456.1645
957 455.8948
363 455.7337
650 455.1071
518 454.9975
254 454.7632
798 454.6588
368 454.6223
152 454.4448
312 454.4413
566 454.3901
414 454.2887
824 454.2755
95 454.2685
689 454.2123
793 454.0875
286 454.0300
755 453.9278
567 453.8896
31 453.8782
378 453.6894
692 453.5601
736 453.2552
13 453.1908
718 453.1170
60 452.9944
896 452.8951
561 452.8780
40 452.8498
121 452.7282
385 452.6152
224 451.9869
77 451.9036
271 451.7977
348 451.4635
425 451.4386
173 451.4018
526 451.2582
986 451.1598
65 450.9164
933 450.8903
805 450.7430
214 450.6912
287 450.6592
66 450.4851
257 450.4589
327 450.3956
722 450.0000
687 449.9094
38 449.6073
400 449.2879
845 449.2178
941 449.1095
321 448.7058
785 448.6943
140 448.5731
734 448.5145
440 448.3936
155 448.2417
909 448.0993
948 447.9722
680 447.8809
628 447.7503
852 447.6055
619 447.3744
598 447.2242
938 447.0489
266 446.8147
478 446.4621
455 446.1610
847 445.9420
344 445.8700
208 445.8164
495 445.5382
333 445.4584
936 444.9786
87 444.9712
21 444.8960
613 444.5932
419 444.5270
108 444.3895
788 444.3462
520 444.0826
729 443.7997
763 443.7686
103 443.6034
188 443.2561
472 443.0325
104 443.0289
891 442.9991
490 442.7377
85 442.7326
92 442.5558
18 442.3915
50 442.2653
883 441.9255
995 441.8312
863 441.7993
638 441.5124
977 441.3188
83 441.1412
433 441.0353
954 441.0050
927 440.8388
717 440.5399
939 440.3029
217 440.1259
667 439.8640
262 439.7215
597 439.5663
622 439.2430
427 439.2270
355 438.9936
175 438.6980
783 438.6973
252 438.4773
522 438.2903
474 438.2704
432 438.1262
465 438.1089
704 438.0993
216 438.0809
507 437.9784
851 437.3468
153 437.0966
694 437.0333
249 436.9970
96 436.9436
54 436.8337
67 436.6700
401 436.6165
23 436.2448
5 436.0913
565 436.0588
572 436.0250
460 435.7170
659 435.5860
963 435.0724
864 434.9297
607 434.9051
528 434.7079
804 434.5624
463 434.3062
359 434.2681
420 434.2517
384 434.1755
959 433.9905
452 433.9723
753 433.6778
280 433.4911
639 433.3180
861 433.2165
112 433.1894
754 433.1696
30 432.9258
904 432.7531
949 432.7259
686 432.1867
587 432.1788
281 432.1540
44 432.0891
174 431.9183
71 431.8931
988 431.6923
331 431.6572
590 431.5455
924 431.4700
947 430.8012
261 430.7151
661 430.6102
925 430.5606
458 430.2833
8 430.0291
835 429.9808
774 429.9514
821 429.7902
882 429.7825
709 429.7055
834 429.6354
251 429.5378
626 429.4362
876 429.3387
527 429.2168
165 429.0623
623 428.9417
582 428.8838
591 428.4943
375 428.3975
11 428.1903
615 428.0686
682 427.9033
991 427.6405
111 427.5225
840 427.4313
349 427.3458
230 427.1028
660 427.0965
58 426.9615
467 426.8727
498 426.6825
558 426.4736
277 426.3147
646 426.2398
817 426.1501
33 426.1497
244 426.1086
773 426.0741
232 426.0114
128 425.7953
594 425.7209
156 425.4854
711 425.3200
844 424.9213
129 424.6177
668 424.5443
698 424.5420
971 424.5194
820 424.0217
285 423.9445
170 423.7494
61 423.4516
772 423.3708
357 423.2847
502 423.1401
47 422.9142
637 422.6789
189 422.6560
784 422.5060
714 422.5037
808 422.2116
672 422.0911
485 422.0506
554 421.9340
781 421.6558
951 421.5145
546 421.4178
658 421.0369
890 420.3323
342 420.3109
27 420.2251
635 420.0576
693 419.8704
491 419.7573
330 419.7503
846 419.7207
200 419.6096
144 419.5484
443 419.3408
97 419.2641
475 419.2235
332 418.9820
291 418.7468
125 418.3046
459 417.8718
519 417.8054
562 417.5810
919 417.4849
696 417.1933
488 417.1308
392 417.1116
12 417.0132
827 416.9798
530 416.9613
479 416.8171
616 416.7909
593 416.7153
869 416.6757
690 416.5359
56 416.4439
961 416.4270
366 416.3484
184 416.2666
571 415.9208
621 415.8193
779 415.7844
708 415.6875
940 415.6426
22 415.4684
187 415.4537
434 415.3565
552 415.2806
865 415.2469
584 415.1325
786 414.8045
268 414.6784
923 414.6276
892 414.1295
160 414.0283
825 413.9532
403 413.9456
289 413.5353
412 413.4963
975 412.7987
576 412.7952
603 412.5616
304 412.4588
151 411.9988
905 411.9492
73 411.6613
757 411.6567
1 411.5411
678 410.7367
578 410.7314
585 410.4742
748 410.2761
677 409.6140
633 409.5099
393 409.3485
130 409.3034
839 409.2238
221 409.1364
306 409.0284
596 408.7403
16 408.6205
893 408.3394
397 408.3056
300 408.2272
227 408.1608
599 408.1002
278 408.0251
524 407.7913
253 407.4425
320 407.3869
369 406.8334
516 406.4460
119 406.1157
219 405.8695
884 405.8387
879 405.8155
735 405.5429
198 405.5110
843 404.9081
19 404.6511
0 404.5347
932 404.4950
51 404.0734
950 403.8724
854 403.8608
14 403.8307
544 403.6487
206 403.4363
76 403.4033
235 403.2596
629 403.0722
862 403.0367
731 402.9447
536 402.7875
543 402.7812
225 402.6350
396 402.5693
258 402.0591
26 402.0533
955 401.8412
469 401.4919
191 401.4298
84 401.3807
531 401.1195
468 400.8925
885 400.5730
758 400.1678
398 400.1623
706 400.1174
439 400.0881
284 399.8571
290 399.2655
759 399.1443
94 398.6902
542 398.6344
529 398.4892
360 398.0483
769 397.9065
473 397.8874
751 397.4557
45 397.3609
211 397.3288
81 397.1043
157 397.0969
154 397.0257
897 396.3313
589 396.3312
3 396.1581
202 396.1437
983 395.9126
350 395.9102
161 395.7716
470 395.2016
721 395.2007
298 394.9388
602 394.8851
974 394.6341
34 393.7430
513 393.5626
377 393.4476
93 393.3845
841 393.3655
956 393.1889
716 393.0561
972 392.9980
492 392.1330
417 391.7815
737 391.7793
902 391.6358
918 391.4398
177 390.5668
610 389.8440
442 389.7936
428 389.7676
553 389.3577
429 389.2643
423 388.9662
744 388.6893
325 388.5275
675 388.3113
48 388.3091
69 388.2003
725 387.6039
630 387.4056
966 387.2669
857 386.9942
551 386.6665
503 385.8805
416 385.5835
976 385.3006
126 385.0952
139 384.8426
697 384.7550
222 384.6114
49 384.6111
886 384.5336
656 384.4052
965 384.3957
273 384.1860
765 383.9655
299 383.9292
996 383.7040
794 383.4920
849 382.7948
72 382.6101
999 382.2096
738 381.5439
873 381.4323
68 381.0244
640 380.7857
752 380.6786
437 380.1996
343 379.7396
887 379.5439
362 379.4966
871 379.4648
233 379.0818
347 378.9523
334 378.7928
329 377.6844
515 376.2374
215 375.8999
447 375.8313
186 374.7305
588 374.6947
10 374.4613
70 374.4362
952 374.3275
196 373.9969
855 373.9075
532 373.8925
850 373.2046
341 372.8230
937 372.6381
335 372.0057
778 371.8187
750 371.4690
35 370.4784
651 369.8487
259 369.4302
501 369.3413
867 369.2097
916 368.4100
809 368.2003
28 367.7488
409 367.0998
493 367.0513
147 367.0452
201 366.3444
915 365.9640
776 365.9278
361 365.8366
685 365.8050
164 365.7633
768 365.3843
105 365.2619
402 363.7416
483 363.6047
213 363.3970
322 362.9854
653 362.5081
641 362.3187
545 361.1068
484 360.1732
726 360.1478
446 359.7780
178 359.5341
167 359.3164
435 359.2064
900 358.0133
563 357.4586
453 357.3682
276 357.3668
664 357.0612
814 356.9975
317 356.7493
282 356.4511
500 356.2124
340 355.4310
942 354.7697
380 353.4307
158 352.3231
831 349.8760
55 347.7200
79 347.1173
319 346.2419
179 345.9621
657 345.2811
110 344.4217
476 343.4771
239 343.0921
538 343.0793
856 341.2811
600 340.6194
407 339.6366
430 338.7205
209 338.7111
911 337.7015
727 335.9333
17 334.9728
632 334.4565
823 334.0880
133 333.9631
624 333.8682
559 332.8227
313 331.3821
223 330.6432
231 328.8387
274 326.8247
806 326.5339
848 325.3512
604 324.8282
352 323.3447
9 321.6324
114 321.1715
74 320.5245
63 320.0351
505 318.3097
176 317.1507
387 316.4051
445 311.3835
707 308.0124
100 307.1671
837 303.3953
730 303.1282
487 299.8463
204 291.8655
828 271.3266
