107 2522149.9527
1085 1146052.2772
3437 1120156.4278
1577 632312.5366
119 538228.7328
171 526604.7723
698 432489.0972
1465 358297.8607
1718 334703.7620
1534 318538.8666
414 268052.8594
3263 246738.4120
2946 214617.5463
567 203720.1152
1666 201007.9568
1505 184060.2619
277 166229.6969
862 163102.1006
563 154639.2752
1405 149377.3419
175 149136.0284
686 139293.2467
58 133054.5254
2543 132629.1535
2047 121709.5449
3173 115128.0523
2347 106957.5002
3005 105092.9690
1642 102032.0247
3101 99383.0991
594 99195.3331
19 98863.2945
3010 87143.0594
1165 84189.2336
4031 80722.3028
475 80643.0925
3385 80246.2516
1193 78793.7332
2863 76807.1337
1726 65486.8261
483 65077.2661
990 63987.6898
1419 62432.7680
2313 61765.4297
2754 61179.2592
3117 60308.4833
2266 59896.2886
1954 59282.3028
1171 58363.3104
25 56596.3638
4023 54203.1196
2869 52886.4695
23 50123.2798
1941 48676.0226
2542 46579.8556
269 44629.7904
1098 44495.5039
3830 44384.2730
3258 42648.4821
2126 42504.3187
2143 39177.4557
3105 38436.9953
1450 38045.4223
2117 38020.9063
2283 36867.6286
3275 35515.9222
3265 34754.3397
173 33407.4604
3111 31795.2389
329 31696.2986
1317 31613.7371
2133 31550.5556
2729 29903.2618
2007 29791.2013
1758 29412.3080
2999 29084.8718
2417 28286.3262
3019 27890.8796
3406 27682.0974
713 26668.2655
3034 25331.4826
163 24858.1369
2199 24685.4229
517 24038.1044
1687 23578.5890
2289 20753.3428
745 20094.9835
389 20074.9004
549 19324.3453
41 19205.9752
2889 18999.0352
3318 18805.9002
21 18424.1405
3089 18327.7271
3179 18141.7043
230 18117.3278
3386 17969.9473
198 17687.4162
1593 17676.4217
363 17585.3527
339 17460.5683
2189 17018.6804
805 17008.5773
1825 16776.5063
373 16768.9960
1 16764.6307
2694 16632.8681
353 16291.3044
3201 16226.3893
3366 16186.2628
2282 16184.2816
719 15903.0213
2813 15792.0081
122 15607.2641
2642 15359.4298
3363 15201.4810
1926 14914.2225
566 14811.9895
2693 14734.7690
3279 14561.1754
2581 14444.8143
2839 14301.4970
747 14295.9338
703 14275.2770
830 14068.2076
3233 13621.5752
3178 13502.3682
4014 13447.5958
2325 13200.3779
2734 12977.9173
229 12975.0131
651 12940.7653
366 12899.9680
2677 12697.7783
249 12570.4531
3877 12166.2474
2038 12075.6770
1361 11924.8418
3251 11788.0000
245 11780.0000
3162 11742.3635
2041 11663.2056
3274 11587.9702
2786 11573.3357
526 11561.2581
2389 11412.9040
2535 11344.2967
538 11333.5178
1555 11176.9510
343 11024.2395
4038 10903.6647
1013 10857.0141
3049 10748.0463
2398 10615.1421
237 10519.9049
83 10519.9049
51 10519.9049
3302 10490.7833
2679 10470.6005
697 10322.1478
239 10320.4085
3851 10320.0805
67 10303.5227
9 10148.3363
2443 10126.9990
823 10078.8470
1178 10024.5040
203 10011.7319
190 9930.5298
2399 9877.2031
3090 9815.2555
3989 9805.8333
637 9781.9199
3331 9776.5606
3289 9751.8322
3155 9519.3435
3011 9467.2680
387 9308.1035
3186 9264.3996
1973 9233.5720
3214 9160.5363
1549 9064.7925
26 9062.8064
115 9019.2348
3355 8983.8901
2825 8954.5099
3078 8945.3343
2962 8943.5681
285 8875.3018
319 8834.1667
89 8834.1667
2145 8815.5635
3495 8635.5173
271 8489.6396
1835 8444.6556
2361 8430.6611
3054 8383.4616
3410 8377.4791
606 8306.9390
3327 8299.8707
3119 8213.8160
1173 8195.8489
3561 8176.7624
3062 8025.4007
170 7987.9380
2510 7956.6285
3295 7883.1645
150 7851.6406
2867 7849.7266
3345 7824.3640
2659 7722.2906
2321 7680.0755
2913 7656.6563
463 7627.3795
2026 7576.1546
498 7542.2584
3998 7486.7886
437 7434.9956
2419 7379.0112
3087 7375.7519
2978 7362.8046
2107 7354.6744
82 7351.4285
2706 7257.6070
810 7070.4326
2302 7059.6364
322 7057.0245
3397 7014.4414
3387 6945.4673
2883 6710.1456
3205 6657.8087
323 6605.2409
3677 6584.7548
3633 6433.9255
2594 6237.7802
2333 6207.8558
2979 6198.5092
2317 6176.8015
513 6156.7562
2031 6129.7385
3077 6117.4350
2901 6115.0364
2742 6103.0558
202 6075.5784
2357 6062.5751
497 6045.0610
3079 5990.1066
3001 5969.0572
3319 5924.7406
542 5910.1356
2787 5909.6816
4030 5904.7941
2527 5898.0000
2949 5884.0977
2669 5757.1784
2174 5725.9136
2927 5721.3664
2759 5718.7119
1985 5681.2914
3033 5668.3074
2730 5646.6784
803 5542.2562
1663 5528.4156
819 5510.4902
3525 5495.5186
2301 5451.6265
1074 5439.1953
1369 5438.5669
2034 5424.4392
3335 5402.7868
419 5379.1378
199 5364.8837
2111 5363.5324
214 5312.5608
2453 5281.0506
2951 5277.2177
3365 5259.1702
3361 5210.1461
2433 5183.5927
4002 5182.8397
2498 5177.0596
2713 5170.6765
2906 5123.2275
3409 5078.4001
3221 5072.4396
2342 5061.6070
3674 5055.1823
1509 5026.8899
1126 4969.4611
2910 4963.8789
197 4938.0480
2986 4937.3877
1621 4925.4223
434 4905.3698
2401 4817.2047
3137 4771.0949
146 4726.3730
3107 4712.6296
2081 4692.6714
2459 4654.4201
2319 4643.2941
17 4640.3787
2327 4596.0215
531 4562.8831
3149 4556.0899
2905 4549.7358
2915 4496.7888
1702 4494.7808
1553 4481.7268
2061 4423.8762
2862 4385.6868
1919 4378.3542
2102 4375.4116
2665 4374.5084
3797 4373.8472
3577 4365.5429
2745 4349.8688
2826 4324.0982
553 4322.0951
2781 4320.2656
325 4274.7439
2925 4262.0698
2806 4219.8316
455 4219.3958
649 4193.9412
3046 4191.6778
2054 4182.4210
3342 4175.6768
2365 4175.3279
261 4157.4338
1334 4141.8241
2707 4052.7329
98 4050.7653
342 4050.0106
774 4008.8562
2087 3952.7463
2698 3950.0427
925 3905.4831
53 3892.5328
2322 3891.4940
2214 3839.4127
3245 3839.0122
641 3819.0828
113 3797.0190
3294 3780.1722
315 3772.5964
1883 3693.7631
2718 3691.9082
3383 3688.2002
3026 3674.5112
1483 3654.8197
2969 3646.5710
465 3638.9680
2938 3637.4488
2062 3634.1686
2961 3582.3943
1289 3529.1884
462 3515.7995
1590 3512.4706
395 3496.6833
2247 3490.2489
3174 3471.0035
2474 3464.1904
3154 3455.5489
359 3454.6833
3038 3447.1749
3141 3436.6667
2231 3436.3760
2914 3436.2898
143 3434.3886
391 3422.3285
3651 3417.1326
1029 3414.5207
3002 3411.0798
109 3408.1315
3750 3394.2091
3501 3376.7027
1921 3375.7571
2127 3342.0819
1086 3328.2038
39 3321.5171
3291 3317.0553
3982 3269.4111
601 3262.6647
2598 3262.0669
2805 3262.0267
2719 3259.0839
2003 3250.7608
3081 3247.3523
2009 3213.1318
3995 3176.3198
2738 3176.0240
1522 3162.4876
3211 3103.3375
2538 3102.0826
2775 3098.6446
2426 3093.4977
2627 3072.1634
185 3064.7918
798 3059.2338
3157 3058.3815
2509 3049.9623
313 3040.1354
3721 3021.6754
2533 3000.3578
2822 2982.4837
1959 2979.2276
2259 2975.0044
3042 2969.2903
1077 2966.7863
3085 2966.2130
29 2960.9266
133 2957.4416
111 2957.1451
2791 2956.3892
3986 2950.8722
4017 2950.4722
4027 2950.4583
383 2950.0000
155 2950.0000
81 2950.0000
453 2950.0000
219 2950.0000
351 2950.0000
91 2949.0000
259 2949.0000
61 2945.0000
2490 2937.0143
3309 2925.3250
231 2904.7620
3027 2894.7441
2511 2890.6545
1947 2868.4759
2277 2865.5832
1146 2837.9650
3962 2801.9325
2865 2794.1778
3326 2789.1075
361 2788.3166
1945 2785.6696
2618 2784.3075
2345 2782.6632
3231 2771.6461
1622 2757.1926
946 2749.7486
2501 2738.5797
3886 2737.3686
3057 2714.8308
2983 2712.1933
3278 2705.7488
3121 2689.6137
2933 2682.5292
561 2680.8307
1049 2640.0891
1847 2637.6261
3017 2626.2478
507 2616.8851
2877 2614.4347
402 2614.2036
130 2604.9228
374 2590.4053
1935 2578.7603
1182 2558.7576
1951 2551.1045
3065 2548.9717
3353 2545.7719
2835 2538.4532
2894 2535.8318
2950 2523.8194
1513 2519.8386
2491 2511.8047
2394 2511.1316
3041 2373.2224
2017 2353.4668
2170 2337.9684
2001 2334.2689
1931 2308.8911
2966 2307.5813
1617 2306.8144
2897 2304.7582
1387 2293.5660
1982 2268.6670
2451 2262.4867
3369 2253.7931
2037 2251.5372
2617 2250.8185
422 2250.5531
857 2247.1407
2223 2221.2715
1537 2220.8948
2421 2210.9657
2683 2204.8392
2071 2189.5484
525 2187.6375
3198 2172.5657
2233 2170.7700
1329 2144.4192
3550 2125.6152
2235 2121.6698
2921 2089.7491
370 2083.5238
3943 2076.8222
2397 2073.8136
2725 2072.9481
481 2051.8080
1909 2049.8574
2159 2033.6965
2529 2030.3668
1674 2010.8046
2173 2004.1952
2769 2003.7873
1485 1998.2106
331 1998.2092
2134 1970.4038
3097 1968.0625
2099 1959.3579
3185 1959.3500
539 1954.9989
54 1943.3486
503 1932.5584
3299 1932.4157
1846 1924.9383
921 1916.4243
2778 1916.0090
2785 1903.6001
2211 1902.8005
2142 1880.3142
2841 1862.8637
2626 1859.1433
1927 1842.0400
3253 1820.3873
2818 1819.6967
2155 1815.0945
1518 1815.0342
2294 1808.7082
178 1798.1837
2371 1793.7029
1467 1788.7354
3269 1788.4343
2411 1786.1324
2810 1783.3155
3402 1782.2021
13 1781.0599
2249 1773.6079
2751 1772.1069
1995 1761.5186
2461 1761.3558
1911 1756.9830
2555 1754.4479
2101 1735.7928
2881 1725.4641
559 1709.4898
2955 1707.4151
2202 1700.5150
417 1698.2788
3426 1694.7868
2663 1692.4889
439 1675.4605
2222 1668.7223
2739 1659.9132
3454 1651.9095
397 1631.3094
2171 1624.0251
2807 1623.9599
3146 1621.1826
461 1615.7545
1175 1610.8712
3035 1606.6256
2766 1599.3819
917 1581.5904
3025 1579.4620
3381 1577.2405
3150 1565.5893
1255 1557.8935
2194 1551.0284
2297 1543.2406
2854 1536.8572
2571 1516.8408
2550 1512.8679
2137 1511.3190
1806 1510.5182
3187 1506.7886
281 1504.5327
2385 1500.8442
94 1492.8278
251 1490.2413
137 1489.6817
166 1487.6601
2250 1485.0286
3861 1485.0025
2782 1482.8144
253 1474.5000
97 1474.5000
1999 1468.8197
2335 1457.2745
3287 1450.5674
2187 1442.8204
2690 1418.6743
423 1417.7474
1070 1416.7919
2138 1416.7648
510 1413.6068
2085 1410.3332
3330 1402.4659
2526 1384.1990
121 1370.9790
3325 1367.6577
2471 1364.6564
2821 1357.9526
2053 1356.4444
2565 1352.2206
2997 1351.0952
590 1342.4393
2735 1334.3984
3346 1332.9966
2466 1325.9416
2355 1313.5711
2147 1312.5104
2711 1312.3036
2846 1299.7102
3113 1295.2153
3082 1275.4132
105 1274.7296
1618 1266.6881
346 1263.3051
2629 1262.1810
3051 1258.6375
2858 1250.6608
3145 1241.2121
1993 1240.2802
3237 1238.5907
1523 1235.5727
2755 1232.4630
2318 1218.0196
967 1217.5166
1637 1214.4698
3431 1213.7883
2149 1212.8523
2597 1207.9888
2018 1205.5300
1338 1202.8602
2153 1202.1611
2585 1197.4508
2341 1194.9626
2890 1179.3721
2923 1178.3111
3321 1177.2291
2547 1169.5369
3303 1169.0279
555 1164.6251
3177 1164.4827
2658 1128.4209
2049 1122.8057
2377 1116.2197
2406 1115.1028
1783 1108.2724
3394 1077.3961
3341 1075.6731
2634 1065.8375
1966 1057.9284
2378 1056.9835
2567 1056.5208
2279 1049.5982
2689 1046.3169
3339 1039.9022
1782 1038.4789
3609 1033.4746
2125 1022.3012
2246 1016.3790
1730 1006.3039
3066 998.3824
3350 988.0866
2566 985.4830
769 977.2189
3347 976.5941
2499 951.7259
318 951.3197
2330 946.5608
1435 942.9290
1274 939.3041
1975 937.5986
407 937.5521
2497 930.3723
3434 912.2193
1961 911.2696
1327 909.8644
2661 909.7816
3395 905.7610
3222 902.5221
2758 893.6336
3374 893.0068
3195 890.4733
3741 884.5056
3013 883.8021
546 883.4170
514 875.5505
227 874.1542
289 869.7851
2783 861.9752
2169 857.7953
995 854.8009
127 854.7440
299 852.0248
1639 848.2796
291 848.1830
1431 845.6817
2413 838.4945
2002 836.9759
3411 832.8569
2795 831.0562
2391 827.8194
1866 826.4490
2042 825.7883
194 822.9375
2447 821.6755
2241 808.7000
2941 805.6262
297 805.3159
2919 804.6617
2366 804.3970
2649 804.0514
3194 802.6155
3191 795.3710
2023 793.1589
2793 792.8959
3997 788.3041
1626 788.0812
927 787.0852
2350 786.8433
1197 786.2555
433 781.0823
1863 780.3490
645 775.6573
3213 775.6427
355 775.6067
591 772.0764
1217 766.1880
431 765.4283
2747 761.6081
1307 758.2636
951 747.8157
2534 746.8056
3022 745.1018
534 743.8124
2989 743.6906
2437 743.1176
2183 741.8191
3425 741.6423
2203 737.2383
2458 736.8531
378 735.0264
2207 734.7451
3103 727.7775
438 726.0953
2475 723.5720
1614 721.8416
3259 721.7208
2502 720.4694
3403 720.0517
1283 715.0122
213 708.1898
1519 705.5928
3242 703.7488
3159 699.0969
3139 690.8272
3329 684.4995
2935 670.8821
3114 669.4316
2939 664.0043
2157 660.1387
3225 658.9630
2958 655.6682
3267 651.2369
515 650.8484
2162 647.4583
1574 645.9442
3083 641.6214
2886 639.3281
2726 634.6029
2229 632.1676
2242 631.6379
2065 629.3326
2478 626.8241
159 626.7666
2226 626.3300
2191 624.9362
1277 620.9421
2278 620.2674
506 613.4793
3098 612.3548
50 611.3766
3415 604.5648
3210 603.4198
2918 601.3860
310 596.6387
2267 596.0419
2346 593.7953
629 592.8516
3277 582.4676
1561 581.6282
2462 578.1600
493 576.5422
1377 569.8024
1437 569.4208
1965 562.5067
2870 562.4803
2291 561.2038
2589 559.1228
2809 558.4678
2351 557.5346
2215 554.4007
3373 553.9429
1487 553.3577
403 551.1025
99 550.2228
2091 549.4054
527 547.0579
1990 542.2204
1765 534.1504
427 529.6565
1511 528.5746
2193 525.6164
2871 524.3037
1458 523.6732
2837 523.6610
3018 521.7890
2981 515.5367
991 514.8268
2847 514.6231
1678 512.3090
3351 512.2045
3207 508.9297
1955 507.4326
1930 506.1339
2833 504.5496
3377 503.3333
2610 502.1933
3118 501.5357
1567 501.2683
2831 498.4641
3086 496.6765
1473 496.4843
3203 491.7418
3354 490.8333
3218 490.8333
3122 490.8333
3053 490.8333
31 490.8027
2799 490.6667
1545 489.1157
158 486.3804
2298 485.1061
547 481.9021
278 481.5719
177 481.5719
2762 480.5778
225 480.1553
2605 479.6855
2163 479.4472
405 477.0505
1761 476.8069
683 472.4288
1199 472.3909
2445 468.4906
3219 466.5011
557 465.3127
973 464.1242
3487 463.6607
2395 460.5849
2210 460.0221
2957 456.8936
2343 452.4290
3378 445.9034
2093 443.3813
2131 442.6018
3043 442.2122
2151 438.9819
3255 434.6188
1494 433.1957
169 428.3879
2254 427.6796
1427 426.5700
2622 425.9040
537 425.7416
3417 425.1792
4009 422.5128
471 422.3189
3994 420.7044
2702 419.7089
3171 419.2193
1630 419.1786
3215 418.7004
3981 418.4202
2463 417.9391
2069 412.6137
1851 412.4387
2285 406.5754
1769 405.6051
1827 404.6298
1794 403.4496
2934 402.9403
1983 402.2197
2239 401.5425
3261 400.2654
1813 395.6389
1187 386.8336
3095 379.3909
1471 378.6663
1843 376.3700
482 370.7323
3182 364.8824
1475 362.5128
2582 361.9964
2875 361.1405
1421 358.9952
2530 354.0813
1559 352.0693
2129 350.3521
2082 348.7318
2387 347.8947
1970 346.5734
3007 343.5455
3239 343.3150
458 341.7443
2675 341.1624
2602 339.5801
3165 339.5651
474 337.3714
1746 336.0767
1237 336.0468
2166 334.6945
3223 333.8150
2611 333.3968
1078 333.3518
2273 332.0802
3961 330.7998
3723 330.7165
2943 330.6553
369 328.7619
3229 327.1346
3362 325.6789
2909 325.0357
2531 324.5502
2123 323.8167
2643 320.5850
2926 317.5117
2741 316.4906
2653 316.4736
1155 315.8860
2843 313.9007
3075 312.4479
2849 311.5975
1803 311.0690
1222 310.4682
3115 309.9459
1589 308.8756
5 307.7325
3110 307.7055
2367 304.5981
2937 302.9005
993 301.6183
2315 301.4808
242 300.5072
2331 299.3226
1399 298.8939
1425 296.8846
2763 296.8765
337 296.6464
93 295.9464
243 295.3694
186 294.8124
1367 294.2448
1014 294.1267
2206 293.3573
3138 287.5314
1899 287.5243
294 286.4400
3545 286.1454
1786 286.0987
1923 285.5176
2590 284.6783
1858 283.7580
1833 283.6553
646 283.4113
3307 281.7247
473 281.1726
415 280.1752
1390 279.4571
1591 279.4099
2146 279.3536
1611 279.3015
3390 277.3449
3393 275.4579
1110 275.1673
1529 275.0637
2866 274.5843
630 273.8982
2666 271.9628
2309 271.7570
57 270.8036
2765 268.4899
1881 267.1384
1861 265.5210
2819 263.9723
410 262.3723
1410 261.8054
118 261.6708
2185 260.2838
2859 259.4527
1994 259.1510
2198 256.3270
2275 255.4343
367 254.3177
2473 254.2150
2197 253.5198
1557 252.4703
2410 252.3673
3106 250.5843
1358 249.4341
2029 249.4175
558 248.8318
2403 246.7517
2449 245.6980
2454 244.4310
2749 244.3342
1371 244.2146
3359 241.2557
1211 241.0615
1221 240.6669
487 240.2679
3430 240.1960
3427 239.8648
3338 239.8648
2218 239.2907
451 239.2807
545 238.4333
2329 237.9477
2393 236.1659
1238 235.7500
1554 235.7469
1075 235.0337
1779 233.9956
1613 233.0044
2975 231.8729
117 230.4138
1235 229.7500
1917 229.4690
1391 227.0742
1445 226.8762
3938 226.6965
2553 226.3194
3422 223.9594
2973 223.0388
1683 219.9689
1962 217.8974
1447 216.9210
2334 216.7627
523 216.1685
1790 215.6720
2630 215.2231
1714 214.3251
1573 212.9594
1839 212.5607
2667 207.9810
1694 207.5009
3151 207.2487
1610 206.2854
1551 205.8848
1373 205.5080
3009 204.6102
2139 203.9795
1791 203.9474
1017 203.3919
1709 203.3419
2482 203.2347
1745 203.1189
1214 202.2849
1469 200.8820
2518 200.6690
2507 199.3898
3419 198.1539
1845 197.0240
1459 195.4637
469 195.1087
1893 194.8946
705 194.3040
2753 193.9197
3521 192.3832
2715 190.5736
1707 190.3756
519 189.8671
2686 189.8247
535 188.8811
106 187.9363
2803 187.5438
2039 185.7138
3313 184.5539
2830 184.4776
2369 182.4346
1729 182.2513
2409 182.1863
1250 182.0889
398 181.9423
3257 181.4323
430 181.3415
2789 181.2969
2506 181.0181
2537 180.3257
1913 179.6353
1778 179.1383
3297 178.6093
125 178.4613
1006 178.4173
2570 178.0395
3167 177.3819
1273 175.6231
2546 174.4301
2078 174.0837
1598 171.9832
961 171.1936
2575 170.8332
2662 170.7894
2601 170.4847
2083 169.1858
1831 169.0148
1705 168.5662
1817 167.9260
2757 167.0183
317 166.2504
2295 166.0750
1533 166.0243
1189 165.3795
1837 165.0096
1191 164.5326
2130 164.1415
1645 164.0461
2150 163.2362
2063 162.6149
1366 162.4802
1697 161.9319
2161 161.1335
2338 160.8849
1158 160.4990
2405 160.3318
729 159.3497
1409 158.7818
3705 158.0663
1867 156.9034
1661 156.2473
2873 155.3201
2414 154.8188
2607 154.5527
406 154.3528
1998 154.0489
302 153.8683
1675 153.0615
2379 152.8456
2434 152.4796
1585 151.8533
978 151.5497
1441 150.4964
421 150.0826
1703 149.6311
1946 148.2182
2635 148.0457
3405 146.0005
142 145.8545
1871 145.7322
1243 145.1311
2058 144.4307
2465 143.9083
1671 141.0446
3069 140.8820
1226 140.5793
3343 140.0809
1787 139.6233
3930 138.5324
1717 138.1756
2646 137.9780
3285 137.5630
2103 137.3998
1943 137.2031
2438 137.0119
3070 135.7321
3246 134.8329
2262 134.2335
2243 133.1596
1393 133.0506
2521 132.1778
3357 131.3364
1330 131.0750
457 130.9867
1059 130.9463
1166 130.8036
3199 130.5454
2827 130.3851
2429 130.1235
2010 129.9584
1569 129.3876
1725 129.3428
1107 129.0934
3793 127.8516
639 126.9715
1275 126.6673
334 126.6331
1699 125.9386
2407 125.5026
3073 125.4740
1799 125.2728
3506 124.6335
678 124.3829
3391 124.1109
1349 124.0274
2965 123.9536
2994 123.5600
2339 122.7686
913 122.2248
30 121.7072
1266 121.0345
1479 120.5552
2777 120.2514
2615 120.1930
2354 119.9258
1823 119.6850
1979 119.6177
357 119.5404
2121 118.5342
3142 117.8782
1185 116.9364
3593 115.7514
3442 115.6226
3758 115.2062
3429 114.7170
2625 114.2403
1882 114.0738
2271 114.0737
897 114.0310
2853 113.7118
2697 113.6882
1515 113.4670
1742 112.6383
1495 111.8154
1570 111.5964
1594 111.5537
1894 111.4733
2095 110.4117
1807 110.3490
3061 110.2110
354 110.1689
2845 109.7504
2006 109.7457
1117 109.5921
554 109.4844
2603 109.1492
1609 108.8733
3838 108.7030
953 108.2595
2030 107.9737
1159 107.9369
1879 107.9133
3293 107.8653
425 107.8408
1001 107.7748
1331 107.5033
1477 107.1251
2059 106.5268
1525 105.7500
1041 105.5842
1987 105.3567
2154 103.8141
1583 103.5833
1767 103.2748
1101 103.0927
2253 103.0105
1282 102.7921
2771 102.6764
3433 102.5013
570 102.2662
2323 101.9415
3418 101.9342
3189 101.7500
2750 101.7301
1662 100.9927
1067 100.3674
2737 100.3246
1003 100.2546
2931 100.0508
2562 99.8864
2033 99.7745
2551 99.6730
1971 99.6367
3129 99.5798
7 99.5600
1502 99.5184
2685 98.5620
1337 98.4081
3050 97.6782
1246 97.5327
2090 97.2168
2645 97.0403
2201 96.9139
518 96.6965
3918 96.6667
2381 95.9917
579 95.9138
3014 95.7262
161 95.1043
1122 95.0473
1669 94.6715
3611 94.6006
930 94.5057
2118 94.4965
1347 93.9355
3349 93.7651
1345 93.6287
2257 93.5823
3067 93.3625
2221 93.3579
2993 93.0731
489 92.2985
1357 92.0807
2874 92.0063
2073 91.9896
2995 91.9662
1750 91.8058
1429 91.5281
1603 91.5057
2743 91.3110
3158 91.0901
2593 91.0248
2586 90.6766
2991 90.6694
2709 90.3496
2557 89.9889
2430 89.6732
1902 89.4461
3290 89.4406
2559 89.3406
1770 88.7935
1741 88.7286
1925 88.5730
654 88.0790
2043 88.0196
1793 87.8361
2773 87.5346
1335 86.7744
2561 86.7245
1374 86.6584
1543 86.3261
1918 86.1858
1114 85.8569
2425 85.7821
2363 85.6435
1305 85.6284
1341 84.9519
2326 84.6853
1757 84.4896
1322 84.2034
1842 84.0904
1066 84.0774
1259 83.6978
2882 83.4287
1938 83.3204
2446 83.0829
2954 83.0814
3166 83.0720
1411 82.9958
2623 82.6878
2619 81.8610
3234 81.6310
1010 81.5906
1682 81.2670
2761 81.0847
394 80.8809
1055 80.8356
3153 80.5069
1123 80.3945
3273 80.2300
1897 80.1749
1701 80.1482
2558 79.9505
2005 79.8277
3829 79.4903
1242 79.3477
3023 79.0770
3226 78.9409
1231 78.7008
1153 78.6328
1026 78.3711
2670 78.2019
3906 77.7869
1227 77.0611
2723 76.4327
694 76.4271
1261 76.4172
3206 76.3666
634 76.3651
2945 76.3580
1597 76.0844
947 76.0609
3298 76.0319
3169 75.8116
1290 75.6432
1670 75.5135
3170 75.2671
753 74.5372
2647 74.5317
1665 74.1380
1850 73.9115
1170 73.5901
1563 73.5422
1230 73.3578
2489 72.8321
2895 72.8047
2583 72.6342
1269 72.4112
450 72.3012
3247 71.9890
470 71.8341
941 71.6557
1673 71.6368
3526 70.5218
2423 70.4687
22 70.0116
1685 69.9203
609 69.8423
2179 69.6979
1083 68.9638
2519 68.8161
781 68.7063
906 68.5538
2573 68.2105
3286 68.1126
1689 67.8236
73 67.4639
957 67.3893
1021 67.3810
2045 67.2878
2674 66.9875
3617 66.2532
954 65.3636
2578 65.3358
1727 65.2387
2255 65.1914
2135 65.1712
2067 64.8561
3254 64.7807
3421 64.7519
1875 64.6921
2190 64.4324
3379 64.2953
2638 64.0031
1819 63.6872
2485 63.5238
1809 63.3595
2290 63.1169
1619 63.1167
1058 62.9573
2887 62.8853
1721 62.8079
2631 62.7878
1125 62.6252
1939 62.5005
3690 62.0901
446 61.9929
962 61.8460
2035 61.8170
1719 60.7703
2022 60.6850
1113 60.4742
2495 59.8970
1527 59.8170
2651 59.4097
3586 59.3176
141 59.2843
1047 59.1260
1491 59.1141
2086 58.8410
1037 58.7601
1291 58.6918
2797 58.5592
2374 58.5340
2974 58.4783
2299 58.3818
1986 58.1727
1514 58.0764
2911 58.0624
543 57.8926
982 57.6382
211 57.4292
1886 57.4210
2110 57.2270
1343 57.2016
1453 57.1993
1910 56.9148
3558 56.7411
409 56.7018
2929 56.6863
1482 56.5220
1706 56.5167
1942 56.2961
3435 56.1547
479 56.0866
3123 55.9322
1857 55.7104
1822 55.5536
2055 55.5504
1449 55.3306
1183 55.2061
3241 55.1708
1205 55.0830
3306 54.9524
3821 54.8526
3301 54.6130
1303 54.5380
1934 54.4883
1507 54.1637
1423 54.0171
2637 53.4084
1209 53.2880
1179 53.1214
1914 52.8154
2823 52.8012
2370 52.7187
1470 52.3935
1079 52.1590
942 52.1588
1415 52.0811
1826 52.0294
1735 51.5859
1497 51.4236
1722 51.4136
1258 51.2578
2251 51.2456
2851 51.2076
1810 50.8871
1531 50.7722
3790 50.5063
435 50.4240
2119 50.3209
1754 49.7986
3971 49.7353
1149 49.5820
1370 49.5616
350 49.5386
3529 49.5252
3738 49.4109
2641 49.2403
2057 48.9508
2815 48.7907
829 48.7443
3015 48.6763
2386 48.5096
2829 48.3669
3249 48.3158
3337 48.2812
2115 48.1376
1565 47.3022
3966 47.2611
3029 47.2500
1025 47.1448
827 46.8419
3455 46.7835
3902 46.5447
915 46.4809
2657 46.4227
62 46.2846
1658 46.2185
3825 46.1679
3358 46.0682
1462 46.0497
2539 45.7249
3794 45.7191
963 45.6397
2587 45.5216
3782 45.4796
3389 45.4146
2525 45.3016
1018 44.9340
1011 44.8830
1359 44.8486
1223 44.6966
653 44.5135
2427 44.1214
1267 43.9733
1677 43.7139
1643 43.4058
2959 43.3429
2074 43.2593
1547 43.1312
1106 42.9818
1538 42.9332
3731 42.8414
3842 42.6508
3927 42.6103
1130 42.5085
1210 42.4871
3109 42.4786
2802 42.4606
3945 42.4065
3869 42.2679
2089 42.2286
2731 42.1190
1245 42.0478
966 41.8732
2349 41.8043
2655 41.7408
1891 41.5100
1135 41.3185
101 41.2519
1054 41.2177
1302 41.0017
1958 40.9915
2237 40.6397
362 40.6244
2893 40.2825
3314 40.2465
1898 40.1963
1634 40.1372
2967 39.9177
2710 39.8011
187 39.2711
1929 39.1711
1789 39.0612
3310 39.0196
2703 38.8816
3375 38.8022
3449 38.7729
1957 38.6218
2790 38.5410
1535 38.5285
1051 38.4451
2673 38.2541
997 38.2342
3039 38.2213
1426 38.0902
3093 37.6643
2122 37.6112
3553 37.4522
326 37.4416
1109 37.3814
3511 37.2472
994 37.1687
1849 36.9054
1271 36.7337
1461 36.6459
842 36.5199
2165 36.4424
853 36.4375
257 36.2748
2633 36.1818
1605 35.9086
1407 35.9014
905 35.8157
418 35.6618
1215 35.6492
1318 35.6062
1997 35.5427
2051 35.5082
2181 35.4552
933 35.4024
1623 35.3409
1785 35.3146
1314 35.3003
3926 35.1967
3423 35.0712
2019 34.9548
1095 34.7461
1434 34.3947
1647 34.2418
2467 34.1557
1406 34.1283
1774 34.0602
1530 34.0251
345 33.9250
1595 33.6780
2209 33.6576
3629 33.3165
3737 33.2880
1571 33.2119
2098 32.7590
1298 32.7542
1309 32.7297
1207 32.4805
1715 32.4434
1795 32.2815
766 32.0399
669 31.9679
2681 31.9158
2523 31.8310
1989 31.7794
494 31.6972
1323 31.5921
1950 31.5617
1219 31.3579
2903 31.2622
3722 31.1060
1781 30.8882
551 30.8127
1350 30.7235
1247 30.5727
695 30.4672
3803 30.3266
2545 30.2746
3135 30.2001
2109 30.0543
1009 29.9654
1753 29.5077
3283 29.4398
1679 29.3467
238 29.2656
3947 29.2126
1087 29.1128
1578 28.8909
1915 28.8652
1862 28.7660
2654 28.7505
2563 28.5943
3021 28.5701
2261 28.4991
2238 28.3113
1163 27.9626
3719 27.9420
1681 27.7879
1981 27.7398
929 27.7378
2469 27.6837
3810 27.6824
770 27.6418
3779 27.5689
1339 27.5284
486 27.5235
1102 27.5072
459 27.4219
3605 27.2519
1413 27.0335
1691 26.8204
3931 26.7712
3559 26.7179
1265 26.6995
1446 26.3318
2549 26.2223
65 26.2219
2225 26.2079
1646 26.2043
614 26.1452
3534 26.0808
815 26.0730
265 26.0679
3951 26.0043
1751 25.9642
1743 25.9578
666 25.7655
1811 25.6173
619 25.5494
1818 25.5376
1385 25.4189
849 25.2571
934 24.9068
1099 24.8809
618 24.8524
3625 24.6220
505 24.5515
381 24.5515
3193 24.4893
922 24.1174
734 24.1007
2234 24.0907
3826 24.0887
3599 24.0410
1142 23.9552
1991 23.9220
3702 23.8085
617 23.8021
3873 23.7327
2359 23.4827
3443 23.4592
811 23.4146
1397 23.2214
687 23.1802
3 23.1345
718 23.1066
597 23.0303
2947 23.0191
3921 22.9814
2907 22.9111
1830 22.7484
1885 22.6318
2727 22.4604
2097 22.3840
2891 22.3780
1131 22.3371
1169 22.2043
2985 22.1938
2286 22.1819
2850 22.1736
1195 22.0291
987 22.0221
1738 21.9906
2574 21.9329
2579 21.8664
1659 21.7120
1281 21.6258
1766 21.5344
1566 21.5139
3475 21.3453
1321 21.3241
2977 21.2183
2513 21.2068
445 21.1639
3734 20.9924
2515 20.9714
2306 20.9698
38 20.9198
134 20.8955
3909 20.7505
2878 20.6450
1161 20.6304
834 20.4887
679 20.4171
3642 20.3998
1667 20.3926
3469 20.3898
2307 20.3654
2077 20.3084
2418 20.2713
1023 20.2687
303 20.1908
2046 20.1416
959 20.1222
2577 20.1189
1313 20.0965
3542 20.0356
223 20.0092
1649 19.7917
1035 19.7181
3514 19.7034
1278 19.5504
1686 19.5123
1638 19.3791
610 19.3724
3831 19.3645
3546 19.3524
773 19.1969
1878 19.1475
3881 18.9365
1454 18.9262
3555 18.8925
3662 18.8667
739 18.7646
3693 18.6775
3463 18.6698
3833 18.6639
2705 18.5553
573 18.5402
490 18.4653
1734 18.3855
3499 18.3504
1641 18.3440
1901 18.2697
727 18.2410
2678 18.1899
923 18.1320
2353 18.0737
2717 17.7772
1402 17.7213
1763 17.7062
2025 17.5585
1953 17.4997
3573 17.4931
338 17.2677
975 17.2634
1650 17.1485
825 17.1091
3102 16.9939
1375 16.9536
833 16.8333
426 16.8114
1539 16.7612
754 16.7308
1922 16.6941
3747 16.6786
1542 16.6684
1737 16.6631
787 16.6448
2066 16.6260
2990 16.6162
2227 16.5909
818 16.5607
1181 16.4855
3505 16.3724
3238 16.3040
738 16.2652
3870 16.2029
1299 16.1974
1974 16.1528
2554 16.0822
59 16.0408
726 16.0025
3535 15.9591
1121 15.7768
3190 15.7328
1526 15.6483
983 15.6040
2606 15.5871
2213 15.5161
1257 15.4510
1062 15.4135
55 15.3958
1889 15.3333
2614 15.3066
14 15.2798
1007 15.2239
771 15.1262
2477 15.1066
3823 15.0944
2303 15.0535
3714 15.0075
1082 14.8601
1575 14.8270
1167 14.7783
3867 14.7189
3486 14.5601
3202 14.5494
939 14.4821
3858 14.4499
1225 14.4375
3399 14.3781
1190 14.3767
999 14.2158
1127 14.1728
2650 14.1406
1695 14.1336
3466 14.1266
3711 14.0711
1019 14.0580
2027 13.9826
3554 13.9691
3950 13.9179
1143 13.8877
1213 13.8395
1655 13.7591
1306 13.7590
2011 13.7412
2114 13.7151
3047 13.7102
1877 13.6658
3949 13.6595
3933 13.6119
1587 13.5478
3635 13.4727
87 13.4440
1501 13.3612
2287 13.2665
3645 13.2000
1398 13.1706
3209 13.1491
2265 13.0719
1451 12.9892
1351 12.9258
2953 12.9144
2687 12.8758
2970 12.8525
2415 12.8275
1129 12.7784
3907 12.7206
1355 12.6693
3621 12.5079
949 12.4413
3791 12.4286
914 12.4086
1229 12.3365
103 12.3067
1903 12.2843
3538 12.2746
2455 12.2395
1635 12.1796
1138 12.1667
1870 12.1306
1241 12.0530
2141 12.0404
971 12.0251
3687 12.0242
1541 11.8471
3510 11.8227
1907 11.7639
2591 11.7129
1053 11.6547
2522 11.6544
495 11.6408
1503 11.5128
2494 11.5013
4021 11.4398
3822 11.4034
3707 11.3583
817 11.3127
977 11.2844
3643 11.2384
2486 11.2375
1198 11.2086
129 11.1699
2186 11.1418
477 11.1379
822 11.1000
3217 11.0457
701 10.9012
246 10.8659
1653 10.8648
2402 10.8126
835 10.7910
1418 10.7805
3459 10.7750
2987 10.7700
3227 10.7694
682 10.7332
2714 10.6758
1841 10.5861
797 10.4985
1294 10.4743
3099 10.3344
2311 10.2747
3474 10.1846
3601 10.1437
3706 10.1167
2770 10.1044
3786 10.0753
3855 10.0027
1177 10.0000
3490 9.9095
3518 9.8141
3063 9.7427
569 9.7191
871 9.6167
333 9.6143
663 9.5696
574 9.5405
1963 9.5402
1457 9.5324
1805 9.5286
3471 9.5038
3262 9.4562
258 9.4553
69 9.4183
413 9.4128
3133 9.3380
3438 9.2954
3243 9.2802
1606 9.2779
1633 9.2370
3485 9.2317
3866 9.2197
123 9.1889
3841 9.1432
3891 9.0397
1201 8.9445
839 8.8679
3710 8.8303
1311 8.7855
1615 8.7817
3569 8.7060
3903 8.6249
274 8.5855
3414 8.5823
2175 8.5807
3557 8.5370
3847 8.5000
806 8.2845
1481 8.2690
3563 8.2639
777 8.2537
3679 8.2095
1723 8.1951
2971 7.9646
1379 7.9612
226 7.9501
1382 7.9404
1389 7.9360
3967 7.9333
814 7.9087
2373 7.9055
677 7.8759
845 7.8113
714 7.7845
1855 7.7259
898 7.7198
3730 7.6965
85 7.6954
3566 7.6667
2105 7.6370
3398 7.5918
3371 7.5838
4026 7.5818
1287 7.5790
3547 7.5730
989 7.5365
565 7.5114
3610 7.5095
1562 7.5000
1285 7.4296
631 7.4148
4013 7.4143
3753 7.3782
847 7.3586
3895 7.3448
3483 7.2972
2733 7.2531
647 7.2444
3549 7.1595
2390 7.1266
1582 7.1149
3759 7.0909
3533 7.0704
1801 7.0637
782 7.0595
3602 7.0163
3698 6.9950
1698 6.9754
509 6.9686
1733 6.9340
3590 6.9285
1654 6.9130
3763 6.9095
3250 6.8133
3497 6.7904
926 6.7801
3045 6.7133
3835 6.7103
1433 6.6703
1315 6.6652
2682 6.6141
3163 6.5970
1325 6.5920
3130 6.5704
2701 6.5228
793 6.4487
3915 6.4394
1151 6.3503
3957 6.3242
3774 6.3242
789 6.3167
3671 6.3000
3470 6.2424
2293 6.2097
2794 6.1719
1286 6.0993
1859 6.0861
587 6.0671
3578 6.0644
2358 6.0233
3767 5.9845
685 5.9637
622 5.9020
3583 5.8782
742 5.8667
3713 5.8467
625 5.8414
731 5.8352
314 5.8261
1550 5.8233
502 5.7954
3515 5.7706
3850 5.7649
3539 5.7595
3969 5.7420
521 5.7070
3718 5.7045
1154 5.7000
903 5.6785
1829 5.6687
3901 5.6667
1739 5.6437
1293 5.6351
2779 5.6315
3979 5.6262
3670 5.6212
1097 5.6060
491 5.5861
1749 5.5824
1895 5.5820
2479 5.5195
1873 5.5026
3701 5.5000
2639 5.4642
3382 5.4532
3507 5.4429
478 5.4163
3623 5.4086
3509 5.3713
311 5.3311
75 5.3178
3334 5.3178
795 5.3175
813 5.3083
3743 5.2746
3725 5.2746
3809 5.2262
3659 5.2262
3667 5.2246
2314 5.2210
3543 5.2198
221 5.2102
3634 5.2093
77 5.1881
807 5.1832
1517 5.1750
1091 5.0898
3937 5.0159
1042 5.0154
3571 4.9909
2337 4.9868
2383 4.9851
889 4.9833
1134 4.9762
1033 4.9643
2801 4.9291
1906 4.8941
1625 4.8802
2982 4.8560
1045 4.8333
1599 4.8167
3898 4.8072
969 4.8017
1234 4.7885
341 4.7821
3761 4.7211
4019 4.7009
711 4.6892
3958 4.6667
3333 4.6646
2075 4.6361
3726 4.6143
799 4.5429
3527 4.5191
3941 4.5000
3845 4.4656
3491 4.4605
783 4.4054
3530 4.3667
2258 4.3412
1094 4.3373
1030 4.3333
589 4.2833
2217 4.2552
1815 4.2404
3683 4.2381
1365 4.2341
758 4.1818
1118 4.1816
1310 4.1813
290 4.1749
3785 4.1506
981 4.1243
442 4.1151
2362 4.0736
850 4.0417
755 4.0355
737 4.0165
1015 4.0003
3859 4.0000
193 4.0000
1890 4.0000
1202 4.0000
970 3.9802
1081 3.9694
931 3.9282
3519 3.9242
3799 3.9167
3789 3.9167
1773 3.9095
449 3.8796
1141 3.8738
3323 3.8705
907 3.8663
3458 3.8599
1218 3.8333
1478 3.8286
3503 3.8280
1174 3.8238
3770 3.8095
3703 3.8052
885 3.7500
1798 3.7130
1949 3.6901
2450 3.6726
3775 3.6667
1263 3.6667
2310 3.6656
902 3.6585
3626 3.6262
3627 3.6221
3646 3.6198
1710 3.5917
3482 3.5625
733 3.5417
1139 3.5317
709 3.4974
3315 3.4521
950 3.4333
605 3.4132
1090 3.3540
3894 3.3333
2942 3.3054
2514 3.2903
149 3.2393
3618 3.2241
3697 3.2209
693 3.2086
623 3.2079
657 3.1911
2861 3.1667
375 3.1497
3591 3.1360
3574 3.1184
741 3.0613
901 3.0541
3929 3.0283
165 3.0188
831 3.0154
1279 3.0151
938 3.0059
3771 2.9762
3863 2.9595
2695 2.9285
3551 2.9000
3887 2.8333
295 2.8215
919 2.8208
3522 2.7952
3762 2.7935
1933 2.7934
3682 2.7857
3754 2.7833
2609 2.7623
1089 2.7576
2435 2.7531
837 2.7520
3281 2.7519
707 2.7500
3663 2.7280
2879 2.6900
3478 2.6786
3914 2.6667
3439 2.6667
843 2.6613
2274 2.6110
2487 2.6043
2281 2.6043
1342 2.6000
2746 2.5666
522 2.5475
691 2.5417
3311 2.5409
2021 2.5361
3934 2.5219
838 2.5218
1031 2.5062
3531 2.4857
3622 2.4774
3473 2.4746
1333 2.4731
2503 2.4723
3878 2.4500
3587 2.4452
1073 2.4012
1489 2.3848
759 2.3505
1499 2.3333
723 2.3232
3517 2.3207
3769 2.3154
3450 2.3117
626 2.2969
890 2.2614
3477 2.2500
2050 2.2181
1115 2.1935
633 2.1639
1422 2.1604
730 2.1579
1602 2.1534
3370 2.1075
1869 2.0857
1381 2.0656
746 2.0333
786 2.0095
3641 2.0000
1038 2.0000
955 2.0000
541 1.9832
511 1.9553
1978 1.9512
3905 1.9500
1093 1.9060
3993 1.8762
998 1.8680
870 1.8667
671 1.8635
779 1.8504
2305 1.8487
2917 1.8407
3890 1.8333
2439 1.8333
1043 1.8333
909 1.8333
1771 1.8288
1150 1.8268
3757 1.8242
1162 1.8167
1438 1.8135
2205 1.8080
250 1.7793
382 1.7749
3970 1.7685
390 1.7523
3493 1.7446
45 1.7415
765 1.7393
710 1.7353
3817 1.7302
1378 1.7280
3818 1.7278
3585 1.7095
1838 1.7000
3658 1.6790
1601 1.6675
763 1.6638
3773 1.6530
3462 1.6464
3441 1.6429
1463 1.6148
778 1.6073
1297 1.6032
3778 1.5663
1797 1.5417
3913 1.5115
126 1.5043
3654 1.5021
757 1.5000
2070 1.4952
1821 1.4876
206 1.4704
1629 1.4575
3161 1.4520
3819 1.4500
3923 1.4167
935 1.4000
3985 1.3984
3843 1.3845
1319 1.3831
3917 1.3710
3498 1.3644
3739 1.3437
3607 1.3333
1057 1.3333
809 1.3259
3862 1.3214
762 1.3022
385 1.2806
2270 1.2611
867 1.2500
3446 1.2429
881 1.2333
965 1.2095
1137 1.2074
4018 1.1997
846 1.1742
3727 1.1667
1133 1.1667
1977 1.1624
794 1.1515
1363 1.1416
1249 1.1281
1039 1.1194
2230 1.1112
1251 1.0961
722 1.0798
3685 1.0784
611 1.0513
3777 1.0512
1493 1.0439
2898 1.0421
3657 1.0397
598 1.0382
879 1.0333
2263 1.0000
3678 1.0000
3637 1.0000
3978 1.0000
1417 1.0000
1254 1.0000
179 1.0000
49 1.0000
3502 1.0000
3655 0.9929
3595 0.9857
603 0.9781
1063 0.9726
2113 0.9500
702 0.9262
751 0.9088
3802 0.9061
670 0.8762
662 0.8762
659 0.8762
658 0.8762
627 0.8762
583 0.8762
578 0.8762
826 0.8672
3494 0.8667
1301 0.8667
254 0.8658
283 0.8629
3814 0.8524
1498 0.8511
235 0.8399
3963 0.8333
3675 0.8333
3447 0.8333
3567 0.8290
986 0.8290
66 0.8129
3745 0.8095
3631 0.7948
895 0.7833
866 0.7833
675 0.7651
650 0.7651
615 0.7651
10 0.7621
1147 0.7500
3874 0.7468
1069 0.7398
3630 0.7239
943 0.7172
266 0.7161
222 0.6887
767 0.6667
3751 0.6667
3839 0.6667
95 0.6667
599 0.6635
863 0.6500
3883 0.6406
3695 0.6406
3649 0.6406
3613 0.6406
3562 0.6406
3479 0.6406
958 0.5988
3806 0.5833
1157 0.5833
3681 0.5750
3715 0.5711
2 0.5667
3523 0.5636
3481 0.5636
3614 0.5397
3461 0.5357
3889 0.5337
661 0.5230
643 0.5230
681 0.5230
577 0.5230
2094 0.5000
861 0.5000
182 0.5000
3893 0.5000
3801 0.5000
3694 0.5000
3673 0.5000
3661 0.5000
147 0.5000
6 0.5000
1711 0.5000
725 0.5000
869 0.4915
3795 0.4778
466 0.4581
429 0.4581
3615 0.4508
3735 0.4349
1186 0.4128
1443 0.4095
2613 0.3992
3837 0.3909
3579 0.3909
3465 0.3909
347 0.3889
2493 0.3878
3815 0.3821
1887 0.3789
1239 0.3651
3143 0.3506
2014 0.3505
2699 0.3472
3977 0.3409
2158 0.3402
575 0.3366
3541 0.3361
2422 0.3333
2621 0.3333
3954 0.3333
3953 0.3333
3805 0.3333
3742 0.3333
3665 0.3333
3606 0.3333
3537 0.3333
1814 0.3333
1731 0.3333
1607 0.3333
1442 0.3333
1295 0.3333
1103 0.3333
979 0.3333
3991 0.3250
4011 0.3250
2013 0.3174
1061 0.3111
715 0.2833
1439 0.2782
3755 0.2679
1905 0.2679
974 0.2679
2177 0.2565
1853 0.2550
874 0.2500
3749 0.2500
3647 0.2500
3638 0.2500
1510 0.2500
3127 0.2500
3055 0.2500
3074 0.2500
2774 0.2500
2182 0.2470
706 0.2469
665 0.2444
1490 0.2298
3857 0.2250
1747 0.2233
1874 0.2135
1802 0.2061
894 0.2000
886 0.2000
878 0.2000
167 0.2000
3925 0.2000
3834 0.2000
621 0.2000
139 0.2000
1005 0.1909
2599 0.1872
1506 0.1802
821 0.1769
635 0.1699
582 0.1699
3094 0.1685
3594 0.1678
593 0.1667
689 0.1667
162 0.1667
1111 0.1667
1022 0.1667
985 0.1667
330 0.1497
735 0.1429
3946 0.1429
3783 0.1429
3781 0.1429
791 0.1250
690 0.1250
1631 0.1250
3175 0.1111
2798 0.1111
595 0.1111
1203 0.1111
3871 0.1000
3827 0.1000
1354 0.1000
3975 0.0909
1579 0.0833
3919 0.0769
3639 0.0769
3581 0.0769
3598 0.0625
3973 0.0435
3666 0.0385
1775 0.0263
3457 0.0227
1401 0.0217
2442 0.0154
2106 0.0000
3983 0.0000
4033 0.0000
3131 0.0000
2902 0.0000
2930 0.0000
3181 0.0000
3271 0.0000
3999 0.0000
4005 0.0000
4037 0.0000
2178 0.0000
2483 0.0000
2595 0.0000
2015 0.0000
1937 0.0000
2167 0.0000
2481 0.0000
2245 0.0000
854 0.0000
851 0.0000
841 0.0000
802 0.0000
801 0.0000
790 0.0000
785 0.0000
775 0.0000
750 0.0000
749 0.0000
743 0.0000
721 0.0000
699 0.0000
761 0.0000
855 0.0000
717 0.0000
3059 0.0000
2922 0.0000
443 0.0000
4006 0.0000
4034 0.0000
4003 0.0000
2834 0.0000
2767 0.0000
2899 0.0000
2963 0.0000
3413 0.0000
3126 0.0000
3322 0.0000
2505 0.0000
2431 0.0000
2375 0.0000
2441 0.0000
2219 0.0000
3305 0.0000
377 0.0000
499 0.0000
467 0.0000
893 0.0000
891 0.0000
887 0.0000
883 0.0000
882 0.0000
877 0.0000
875 0.0000
873 0.0000
859 0.0000
858 0.0000
3317 0.0000
3030 0.0000
3125 0.0000
411 0.0000
3401 0.0000
3367 0.0000
2998 0.0000
3197 0.0000
3058 0.0000
3006 0.0000
3235 0.0000
454 0.0000
110 0.0000
201 0.0000
154 0.0000
279 0.0000
2517 0.0000
2722 0.0000
1969 0.0000
3270 0.0000
3091 0.0000
2671 0.0000
2721 0.0000
2811 0.0000
3266 0.0000
533 0.0000
562 0.0000
530 0.0000
529 0.0000
3974 0.0000
3965 0.0000
3959 0.0000
3955 0.0000
3939 0.0000
3935 0.0000
3922 0.0000
3911 0.0000
3910 0.0000
3899 0.0000
3897 0.0000
3885 0.0000
3882 0.0000
3879 0.0000
3875 0.0000
3865 0.0000
3854 0.0000
3853 0.0000
3849 0.0000
3846 0.0000
3813 0.0000
3811 0.0000
3807 0.0000
3798 0.0000
3787 0.0000
3766 0.0000
3765 0.0000
3746 0.0000
3733 0.0000
3729 0.0000
3717 0.0000
3709 0.0000
3699 0.0000
3691 0.0000
3686 0.0000
3669 0.0000
3653 0.0000
3650 0.0000
3619 0.0000
3603 0.0000
3597 0.0000
3589 0.0000
3582 0.0000
3575 0.0000
3570 0.0000
3565 0.0000
3513 0.0000
3489 0.0000
3467 0.0000
3453 0.0000
3451 0.0000
3445 0.0000
3942 0.0000
865 0.0000
3689 0.0000
349 0.0000
371 0.0000
365 0.0000
441 0.0000
501 0.0000
399 0.0000
393 0.0000
157 0.0000
307 0.0000
71 0.0000
70 0.0000
327 0.0000
262 0.0000
151 0.0000
485 0.0000
1967 0.0000
674 0.0000
673 0.0000
667 0.0000
655 0.0000
642 0.0000
638 0.0000
613 0.0000
607 0.0000
602 0.0000
586 0.0000
585 0.0000
581 0.0000
267 0.0000
174 0.0000
138 0.0000
293 0.0000
35 0.0000
131 0.0000
1865 0.0000
1854 0.0000
1834 0.0000
1777 0.0000
1762 0.0000
1759 0.0000
1755 0.0000
1713 0.0000
1693 0.0000
1690 0.0000
1657 0.0000
1651 0.0000
1627 0.0000
1586 0.0000
1581 0.0000
1558 0.0000
1546 0.0000
1521 0.0000
1474 0.0000
1466 0.0000
1455 0.0000
1430 0.0000
1414 0.0000
1403 0.0000
1395 0.0000
1394 0.0000
1386 0.0000
1383 0.0000
1362 0.0000
1353 0.0000
1346 0.0000
1326 0.0000
1270 0.0000
1262 0.0000
1253 0.0000
1233 0.0000
1206 0.0000
1194 0.0000
1145 0.0000
1119 0.0000
1105 0.0000
1071 0.0000
1065 0.0000
1050 0.0000
1046 0.0000
1034 0.0000
1027 0.0000
1002 0.0000
945 0.0000
937 0.0000
918 0.0000
911 0.0000
910 0.0000
899 0.0000
34 0.0000
2814 0.0000
286 0.0000
247 0.0000
86 0.0000
46 0.0000
263 0.0000
102 0.0000
321 0.0000
309 0.0000
135 0.0000
3003 0.0000
2838 0.0000
1486 0.0000
2885 0.0000
234 0.0000
270 0.0000
63 0.0000
298 0.0000
217 0.0000
79 0.0000
189 0.0000
27 0.0000
191 0.0000
183 0.0000
207 0.0000
42 0.0000
33 0.0000
301 0.0000
255 0.0000
241 0.0000
218 0.0000
181 0.0000
275 0.0000
306 0.0000
273 0.0000
195 0.0000
145 0.0000
90 0.0000
78 0.0000
47 0.0000
401 0.0000
386 0.0000
3037 0.0000
3147 0.0000
2817 0.0000
2691 0.0000
4007 0.0000
4025 0.0000
4029 0.0000
3990 0.0000
4001 0.0000
