106 0.5305
39 0.5303
207 0.5303
382 0.5303
555 0.5303
829 0.5303
944 0.5303
960 0.5303
979 0.5303
541 0.5300
570 0.5300
811 0.5300
91 0.5297
404 0.5297
477 0.5297
745 0.5297
987 0.5297
99 0.5294
109 0.5294
197 0.5294
539 0.5294
662 0.5294
990 0.5294
135 0.5291
683 0.5291
747 0.5291
764 0.5291
766 0.5291
875 0.5291
946 0.5291
183 0.5289
248 0.5289
305 0.5289
315 0.5289
337 0.5289
436 0.5289
462 0.5289
506 0.5289
724 0.5289
816 0.5289
24 0.5286
46 0.5286
263 0.5286
288 0.5286
296 0.5286
464 0.5286
575 0.5286
760 0.5286
815 0.5286
926 0.5286
962 0.5286
53 0.5283
62 0.5283
64 0.5283
115 0.5283
132 0.5283
199 0.5283
466 0.5283
671 0.5283
710 0.5283
712 0.5283
739 0.5283
749 0.5283
761 0.5283
810 0.5283
906 0.5283
913 0.5283
953 0.5283
980 0.5283
7 0.5280
29 0.5280
86 0.5280
149 0.5280
150 0.5280
294 0.5280
308 0.5280
358 0.5280
367 0.5280
371 0.5280
405 0.5280
410 0.5280
418 0.5280
451 0.5280
504 0.5280
509 0.5280
556 0.5280
586 0.5280
611 0.5280
813 0.5280
822 0.5280
870 0.5280
930 0.5280
978 0.5280
15 0.5277
25 0.5277
134 0.5277
218 0.5277
236 0.5277
269 0.5277
310 0.5277
413 0.5277
457 0.5277
489 0.5277
511 0.5277
564 0.5277
608 0.5277
648 0.5277
663 0.5277
676 0.5277
695 0.5277
700 0.5277
728 0.5277
740 0.5277
792 0.5277
797 0.5277
858 0.5277
872 0.5277
874 0.5277
929 0.5277
931 0.5277
964 0.5277
967 0.5277
968 0.5277
37 0.5275
41 0.5275
118 0.5275
142 0.5275
146 0.5275
163 0.5275
168 0.5275
212 0.5275
228 0.5275
242 0.5275
283 0.5275
316 0.5275
323 0.5275
339 0.5275
422 0.5275
424 0.5275
482 0.5275
568 0.5275
579 0.5275
605 0.5275
733 0.5275
800 0.5275
934 0.5275
973 0.5275
20 0.5272
36 0.5272
42 0.5272
82 0.5272
89 0.5272
117 0.5272
123 0.5272
131 0.5272
166 0.5272
182 0.5272
195 0.5272
256 0.5272
279 0.5272
302 0.5272
338 0.5272
372 0.5272
373 0.5272
374 0.5272
386 0.5272
390 0.5272
540 0.5272
569 0.5272
612 0.5272
617 0.5272
631 0.5272
634 0.5272
642 0.5272
643 0.5272
715 0.5272
719 0.5272
723 0.5272
756 0.5272
771 0.5272
777 0.5272
791 0.5272
796 0.5272
907 0.5272
910 0.5272
958 0.5272
989 0.5272
993 0.5272
52 0.5269
116 0.5269
122 0.5269
136 0.5269
141 0.5269
169 0.5269
171 0.5269
181 0.5269
190 0.5269
205 0.5269
210 0.5269
229 0.5269
301 0.5269
309 0.5269
346 0.5269
356 0.5269
370 0.5269
376 0.5269
389 0.5269
399 0.5269
406 0.5269
415 0.5269
431 0.5269
450 0.5269
461 0.5269
481 0.5269
494 0.5269
499 0.5269
512 0.5269
514 0.5269
550 0.5269
601 0.5269
644 0.5269
670 0.5269
673 0.5269
701 0.5269
703 0.5269
746 0.5269
795 0.5269
801 0.5269
826 0.5269
866 0.5269
880 0.5269
895 0.5269
921 0.5269
922 0.5269
943 0.5269
970 0.5269
994 0.5269
997 0.5269
4 0.5266
120 0.5266
143 0.5266
145 0.5266
159 0.5266
172 0.5266
238 0.5266
241 0.5266
245 0.5266
246 0.5266
255 0.5266
257 0.5266
272 0.5266
292 0.5266
295 0.5266
314 0.5266
324 0.5266
351 0.5266
381 0.5266
391 0.5266
395 0.5266
408 0.5266
421 0.5266
448 0.5266
471 0.5266
497 0.5266
523 0.5266
535 0.5266
547 0.5266
573 0.5266
609 0.5266
627 0.5266
654 0.5266
684 0.5266
691 0.5266
742 0.5266
743 0.5266
775 0.5266
790 0.5266
802 0.5266
807 0.5266
830 0.5266
838 0.5266
878 0.5266
881 0.5266
899 0.5266
908 0.5266
984 0.5266
985 0.5266
32 0.5263
43 0.5263
57 0.5263
59 0.5263
60 0.5263
80 0.5263
101 0.5263
113 0.5263
124 0.5263
137 0.5263
138 0.5263
162 0.5263
180 0.5263
185 0.5263
193 0.5263
224 0.5263
237 0.5263
243 0.5263
270 0.5263
287 0.5263
293 0.5263
303 0.5263
354 0.5263
363 0.5263
365 0.5263
383 0.5263
388 0.5263
426 0.5263
438 0.5263
441 0.5263
454 0.5263
510 0.5263
517 0.5263
518 0.5263
521 0.5263
533 0.5263
549 0.5263
557 0.5263
560 0.5263
574 0.5263
580 0.5263
583 0.5263
592 0.5263
595 0.5263
620 0.5263
645 0.5263
647 0.5263
665 0.5263
666 0.5263
674 0.5263
689 0.5263
732 0.5263
767 0.5263
770 0.5263
812 0.5263
819 0.5263
832 0.5263
834 0.5263
845 0.5263
877 0.5263
903 0.5263
928 0.5263
935 0.5263
936 0.5263
957 0.5263
986 0.5263
998 0.5263
2 0.5261
21 0.5261
65 0.5261
66 0.5261
75 0.5261
78 0.5261
87 0.5261
102 0.5261
107 0.5261
192 0.5261
203 0.5261
220 0.5261
240 0.5261
247 0.5261
250 0.5261
260 0.5261
267 0.5261
275 0.5261
318 0.5261
328 0.5261
336 0.5261
345 0.5261
353 0.5261
378 0.5261
411 0.5261
444 0.5261
449 0.5261
465 0.5261
496 0.5261
508 0.5261
566 0.5261
577 0.5261
581 0.5261
625 0.5261
650 0.5261
652 0.5261
687 0.5261
688 0.5261
692 0.5261
699 0.5261
713 0.5261
720 0.5261
754 0.5261
762 0.5261
782 0.5261
803 0.5261
805 0.5261
818 0.5261
836 0.5261
868 0.5261
889 0.5261
898 0.5261
901 0.5261
909 0.5261
917 0.5261
941 0.5261
981 0.5261
992 0.5261
6 0.5258
31 0.5258
77 0.5258
88 0.5258
92 0.5258
95 0.5258
127 0.5258
148 0.5258
152 0.5258
173 0.5258
208 0.5258
214 0.5258
226 0.5258
254 0.5258
265 0.5258
271 0.5258
286 0.5258
307 0.5258
311 0.5258
321 0.5258
326 0.5258
344 0.5258
357 0.5258
359 0.5258
364 0.5258
368 0.5258
385 0.5258
394 0.5258
419 0.5258
456 0.5258
474 0.5258
480 0.5258
520 0.5258
522 0.5258
525 0.5258
526 0.5258
537 0.5258
561 0.5258
587 0.5258
597 0.5258
619 0.5258
636 0.5258
646 0.5258
655 0.5258
660 0.5258
669 0.5258
681 0.5258
702 0.5258
705 0.5258
736 0.5258
785 0.5258
787 0.5258
788 0.5258
789 0.5258
793 0.5258
799 0.5258
852 0.5258
853 0.5258
863 0.5258
865 0.5258
882 0.5258
888 0.5258
894 0.5258
912 0.5258
914 0.5258
920 0.5258
933 0.5258
938 0.5258
945 0.5258
961 0.5258
963 0.5258
969 0.5258
982 0.5258
995 0.5258
23 0.5255
38 0.5255
40 0.5255
98 0.5255
121 0.5255
140 0.5255
155 0.5255
266 0.5255
280 0.5255
297 0.5255
312 0.5255
327 0.5255
333 0.5255
348 0.5255
375 0.5255
379 0.5255
384 0.5255
414 0.5255
420 0.5255
460 0.5255
467 0.5255
472 0.5255
486 0.5255
565 0.5255
567 0.5255
598 0.5255
606 0.5255
614 0.5255
622 0.5255
628 0.5255
639 0.5255
649 0.5255
668 0.5255
686 0.5255
690 0.5255
714 0.5255
718 0.5255
729 0.5255
734 0.5255
741 0.5255
755 0.5255
783 0.5255
798 0.5255
824 0.5255
825 0.5255
842 0.5255
859 0.5255
860 0.5255
884 0.5255
939 0.5255
949 0.5255
954 0.5255
959 0.5255
971 0.5255
977 0.5255
991 0.5255
12 0.5252
18 0.5252
30 0.5252
54 0.5252
83 0.5252
90 0.5252
96 0.5252
103 0.5252
108 0.5252
128 0.5252
153 0.5252
160 0.5252
165 0.5252
188 0.5252
194 0.5252
234 0.5252
244 0.5252
249 0.5252
252 0.5252
264 0.5252
278 0.5252
284 0.5252
285 0.5252
349 0.5252
355 0.5252
425 0.5252
440 0.5252
458 0.5252
463 0.5252
478 0.5252
485 0.5252
490 0.5252
491 0.5252
495 0.5252
534 0.5252
548 0.5252
582 0.5252
591 0.5252
607 0.5252
613 0.5252
615 0.5252
618 0.5252
626 0.5252
667 0.5252
679 0.5252
682 0.5252
694 0.5252
704 0.5252
717 0.5252
722 0.5252
774 0.5252
780 0.5252
804 0.5252
833 0.5252
847 0.5252
864 0.5252
869 0.5252
883 0.5252
891 0.5252
896 0.5252
919 0.5252
927 0.5252
932 0.5252
947 0.5252
948 0.5252
951 0.5252
972 0.5252
5 0.5250
13 0.5250
14 0.5250
26 0.5250
50 0.5250
67 0.5250
71 0.5250
84 0.5250
85 0.5250
125 0.5250
130 0.5250
144 0.5250
170 0.5250
174 0.5250
175 0.5250
206 0.5250
232 0.5250
253 0.5250
261 0.5250
277 0.5250
400 0.5250
401 0.5250
427 0.5250
432 0.5250
452 0.5250
455 0.5250
459 0.5250
488 0.5250
498 0.5250
530 0.5250
544 0.5250
546 0.5250
554 0.5250
558 0.5250
571 0.5250
572 0.5250
590 0.5250
596 0.5250
635 0.5250
637 0.5250
638 0.5250
658 0.5250
659 0.5250
661 0.5250
678 0.5250
680 0.5250
693 0.5250
708 0.5250
709 0.5250
711 0.5250
763 0.5250
808 0.5250
821 0.5250
840 0.5250
843 0.5250
904 0.5250
923 0.5250
940 0.5250
956 0.5250
975 0.5250
0 0.5247
8 0.5247
19 0.5247
33 0.5247
44 0.5247
47 0.5247
56 0.5247
94 0.5247
97 0.5247
104 0.5247
111 0.5247
156 0.5247
200 0.5247
216 0.5247
225 0.5247
251 0.5247
262 0.5247
291 0.5247
320 0.5247
330 0.5247
332 0.5247
397 0.5247
403 0.5247
475 0.5247
527 0.5247
531 0.5247
536 0.5247
543 0.5247
562 0.5247
576 0.5247
578 0.5247
594 0.5247
621 0.5247
623 0.5247
633 0.5247
672 0.5247
677 0.5247
698 0.5247
744 0.5247
753 0.5247
757 0.5247
781 0.5247
784 0.5247
835 0.5247
851 0.5247
861 0.5247
876 0.5247
890 0.5247
892 0.5247
924 0.5247
925 0.5247
950 0.5247
955 0.5247
976 0.5247
988 0.5247
1 0.5244
11 0.5244
16 0.5244
22 0.5244
34 0.5244
45 0.5244
51 0.5244
58 0.5244
72 0.5244
73 0.5244
76 0.5244
112 0.5244
119 0.5244
187 0.5244
191 0.5244
198 0.5244
202 0.5244
217 0.5244
227 0.5244
230 0.5244
268 0.5244
281 0.5244
306 0.5244
325 0.5244
331 0.5244
334 0.5244
360 0.5244
369 0.5244
377 0.5244
392 0.5244
393 0.5244
396 0.5244
433 0.5244
443 0.5244
473 0.5244
479 0.5244
507 0.5244
519 0.5244
524 0.5244
528 0.5244
542 0.5244
584 0.5244
696 0.5244
748 0.5244
773 0.5244
779 0.5244
786 0.5244
817 0.5244
820 0.5244
827 0.5244
839 0.5244
844 0.5244
846 0.5244
854 0.5244
862 0.5244
879 0.5244
885 0.5244
905 0.5244
983 0.5244
3 0.5241
27 0.5241
28 0.5241
61 0.5241
126 0.5241
154 0.5241
161 0.5241
177 0.5241
184 0.5241
189 0.5241
221 0.5241
258 0.5241
289 0.5241
290 0.5241
298 0.5241
366 0.5241
398 0.5241
412 0.5241
423 0.5241
434 0.5241
439 0.5241
442 0.5241
552 0.5241
589 0.5241
603 0.5241
629 0.5241
640 0.5241
675 0.5241
697 0.5241
706 0.5241
735 0.5241
758 0.5241
769 0.5241
772 0.5241
918 0.5241
966 0.5241
974 0.5241
48 0.5239
49 0.5239
69 0.5239
70 0.5239
129 0.5239
151 0.5239
186 0.5239
201 0.5239
211 0.5239
219 0.5239
222 0.5239
300 0.5239
304 0.5239
342 0.5239
347 0.5239
350 0.5239
362 0.5239
468 0.5239
469 0.5239
492 0.5239
502 0.5239
515 0.5239
516 0.5239
529 0.5239
551 0.5239
593 0.5239
599 0.5239
610 0.5239
616 0.5239
651 0.5239
656 0.5239
716 0.5239
721 0.5239
725 0.5239
731 0.5239
738 0.5239
750 0.5239
751 0.5239
778 0.5239
794 0.5239
886 0.5239
893 0.5239
897 0.5239
916 0.5239
937 0.5239
965 0.5239
999 0.5239
35 0.5236
81 0.5236
105 0.5236
139 0.5236
147 0.5236
157 0.5236
235 0.5236
329 0.5236
335 0.5236
429 0.5236
470 0.5236
532 0.5236
585 0.5236
602 0.5236
737 0.5236
752 0.5236
765 0.5236
768 0.5236
809 0.5236
841 0.5236
850 0.5236
857 0.5236
887 0.5236
902 0.5236
952 0.5236
996 0.5236
178 0.5233
196 0.5233
213 0.5233
215 0.5233
259 0.5233
322 0.5233
341 0.5233
409 0.5233
416 0.5233
417 0.5233
437 0.5233
447 0.5233
453 0.5233
493 0.5233
513 0.5233
630 0.5233
641 0.5233
653 0.5233
685 0.5233
759 0.5233
867 0.5233
873 0.5233
915 0.5233
10 0.5230
55 0.5230
68 0.5230
93 0.5230
233 0.5230
273 0.5230
299 0.5230
343 0.5230
361 0.5230
428 0.5230
435 0.5230
501 0.5230
503 0.5230
553 0.5230
563 0.5230
588 0.5230
657 0.5230
726 0.5230
776 0.5230
814 0.5230
823 0.5230
849 0.5230
871 0.5230
942 0.5230
164 0.5228
167 0.5228
317 0.5228
402 0.5228
446 0.5228
484 0.5228
538 0.5228
664 0.5228
855 0.5228
900 0.5228
911 0.5228
17 0.5225
158 0.5225
239 0.5225
276 0.5225
282 0.5225
319 0.5225
380 0.5225
483 0.5225
500 0.5225
545 0.5225
559 0.5225
727 0.5225
9 0.5222
79 0.5222
133 0.5222
179 0.5222
231 0.5222
313 0.5222
340 0.5222
430 0.5222
476 0.5222
624 0.5222
632 0.5222
831 0.5222
856 0.5222
74 0.5219
110 0.5219
114 0.5219
274 0.5219
600 0.5219
63 0.5217
209 0.5217
445 0.5217
505 0.5217
848 0.5217
176 0.5214
223 0.5214
352 0.5214
407 0.5214
604 0.5214
707 0.5214
100 0.5211
204 0.5211
730 0.5211
837 0.5211
387 0.5206
487 0.5206
806 0.5206
828 0.5195
