381 0.5365
679 0.5348
869 0.5337
265 0.5334
875 0.5334
279 0.5331
562 0.5328
685 0.5328
985 0.5328
53 0.5325
545 0.5325
177 0.5322
410 0.5322
935 0.5322
59 0.5319
93 0.5319
113 0.5319
195 0.5319
558 0.5319
995 0.5319
731 0.5317
989 0.5317
154 0.5314
783 0.5314
14 0.5311
49 0.5311
57 0.5311
190 0.5311
197 0.5311
413 0.5311
503 0.5311
539 0.5311
692 0.5311
745 0.5311
784 0.5311
8 0.5308
247 0.5308
301 0.5308
323 0.5308
442 0.5308
504 0.5308
514 0.5308
592 0.5308
65 0.5305
94 0.5305
186 0.5305
193 0.5305
278 0.5305
364 0.5305
369 0.5305
398 0.5305
415 0.5305
535 0.5305
662 0.5305
678 0.5305
6 0.5303
179 0.5303
187 0.5303
188 0.5303
257 0.5303
271 0.5303
318 0.5303
439 0.5303
489 0.5303
577 0.5303
612 0.5303
624 0.5303
768 0.5303
778 0.5303
788 0.5303
832 0.5303
855 0.5303
961 0.5303
962 0.5303
992 0.5303
5 0.5300
16 0.5300
42 0.5300
54 0.5300
82 0.5300
137 0.5300
142 0.5300
224 0.5300
256 0.5300
517 0.5300
712 0.5300
775 0.5300
820 0.5300
821 0.5300
943 0.5300
979 0.5300
34 0.5297
98 0.5297
132 0.5297
165 0.5297
297 0.5297
313 0.5297
314 0.5297
441 0.5297
511 0.5297
560 0.5297
573 0.5297
654 0.5297
761 0.5297
779 0.5297
874 0.5297
902 0.5297
919 0.5297
32 0.5294
37 0.5294
99 0.5294
112 0.5294
116 0.5294
163 0.5294
196 0.5294
210 0.5294
273 0.5294
280 0.5294
284 0.5294
396 0.5294
403 0.5294
501 0.5294
576 0.5294
699 0.5294
732 0.5294
734 0.5294
744 0.5294
777 0.5294
790 0.5294
819 0.5294
885 0.5294
915 0.5294
0 0.5291
22 0.5291
127 0.5291
128 0.5291
152 0.5291
200 0.5291
202 0.5291
216 0.5291
231 0.5291
322 0.5291
341 0.5291
377 0.5291
452 0.5291
457 0.5291
500 0.5291
547 0.5291
554 0.5291
593 0.5291
597 0.5291
609 0.5291
709 0.5291
727 0.5291
764 0.5291
815 0.5291
891 0.5291
911 0.5291
77 0.5289
108 0.5289
169 0.5289
172 0.5289
173 0.5289
183 0.5289
209 0.5289
299 0.5289
335 0.5289
349 0.5289
368 0.5289
431 0.5289
445 0.5289
483 0.5289
642 0.5289
711 0.5289
717 0.5289
723 0.5289
748 0.5289
793 0.5289
822 0.5289
927 0.5289
952 0.5289
31 0.5286
35 0.5286
46 0.5286
74 0.5286
81 0.5286
83 0.5286
91 0.5286
114 0.5286
144 0.5286
159 0.5286
182 0.5286
232 0.5286
240 0.5286
269 0.5286
272 0.5286
336 0.5286
363 0.5286
370 0.5286
386 0.5286
391 0.5286
395 0.5286
414 0.5286
421 0.5286
465 0.5286
507 0.5286
509 0.5286
563 0.5286
615 0.5286
616 0.5286
659 0.5286
687 0.5286
720 0.5286
747 0.5286
756 0.5286
799 0.5286
837 0.5286
889 0.5286
964 0.5286
967 0.5286
976 0.5286
991 0.5286
4 0.5283
33 0.5283
71 0.5283
85 0.5283
86 0.5283
103 0.5283
233 0.5283
254 0.5283
275 0.5283
287 0.5283
304 0.5283
315 0.5283
325 0.5283
373 0.5283
392 0.5283
405 0.5283
422 0.5283
458 0.5283
461 0.5283
478 0.5283
605 0.5283
611 0.5283
627 0.5283
630 0.5283
635 0.5283
691 0.5283
716 0.5283
739 0.5283
754 0.5283
774 0.5283
850 0.5283
858 0.5283
865 0.5283
879 0.5283
880 0.5283
898 0.5283
899 0.5283
921 0.5283
936 0.5283
977 0.5283
987 0.5283
62 0.5280
95 0.5280
122 0.5280
145 0.5280
203 0.5280
244 0.5280
250 0.5280
270 0.5280
281 0.5280
321 0.5280
337 0.5280
374 0.5280
394 0.5280
399 0.5280
412 0.5280
492 0.5280
521 0.5280
525 0.5280
537 0.5280
552 0.5280
569 0.5280
621 0.5280
656 0.5280
719 0.5280
797 0.5280
808 0.5280
824 0.5280
839 0.5280
841 0.5280
842 0.5280
877 0.5280
60 0.5277
96 0.5277
118 0.5277
143 0.5277
184 0.5277
238 0.5277
264 0.5277
277 0.5277
302 0.5277
310 0.5277
326 0.5277
329 0.5277
343 0.5277
366 0.5277
375 0.5277
378 0.5277
397 0.5277
418 0.5277
508 0.5277
557 0.5277
601 0.5277
619 0.5277
652 0.5277
661 0.5277
674 0.5277
681 0.5277
694 0.5277
759 0.5277
863 0.5277
876 0.5277
910 0.5277
918 0.5277
937 0.5277
945 0.5277
954 0.5277
974 0.5277
988 0.5277
994 0.5277
25 0.5275
67 0.5275
69 0.5275
101 0.5275
124 0.5275
133 0.5275
166 0.5275
251 0.5275
288 0.5275
347 0.5275
353 0.5275
438 0.5275
447 0.5275
466 0.5275
474 0.5275
476 0.5275
479 0.5275
574 0.5275
585 0.5275
586 0.5275
588 0.5275
623 0.5275
651 0.5275
660 0.5275
703 0.5275
704 0.5275
708 0.5275
721 0.5275
741 0.5275
753 0.5275
800 0.5275
861 0.5275
881 0.5275
900 0.5275
938 0.5275
953 0.5275
107 0.5272
115 0.5272
138 0.5272
180 0.5272
235 0.5272
258 0.5272
259 0.5272
290 0.5272
293 0.5272
367 0.5272
371 0.5272
420 0.5272
426 0.5272
437 0.5272
450 0.5272
463 0.5272
472 0.5272
502 0.5272
540 0.5272
561 0.5272
606 0.5272
613 0.5272
626 0.5272
632 0.5272
663 0.5272
736 0.5272
773 0.5272
847 0.5272
852 0.5272
909 0.5272
966 0.5272
973 0.5272
19 0.5269
79 0.5269
117 0.5269
148 0.5269
150 0.5269
155 0.5269
175 0.5269
218 0.5269
219 0.5269
245 0.5269
261 0.5269
276 0.5269
285 0.5269
303 0.5269
307 0.5269
340 0.5269
359 0.5269
365 0.5269
424 0.5269
454 0.5269
456 0.5269
470 0.5269
477 0.5269
482 0.5269
513 0.5269
551 0.5269
556 0.5269
587 0.5269
600 0.5269
629 0.5269
641 0.5269
650 0.5269
667 0.5269
782 0.5269
795 0.5269
806 0.5269
826 0.5269
848 0.5269
864 0.5269
883 0.5269
917 0.5269
940 0.5269
18 0.5266
23 0.5266
24 0.5266
27 0.5266
30 0.5266
58 0.5266
121 0.5266
125 0.5266
131 0.5266
167 0.5266
191 0.5266
225 0.5266
253 0.5266
266 0.5266
289 0.5266
354 0.5266
372 0.5266
382 0.5266
389 0.5266
390 0.5266
435 0.5266
519 0.5266
549 0.5266
594 0.5266
607 0.5266
657 0.5266
682 0.5266
684 0.5266
722 0.5266
729 0.5266
786 0.5266
816 0.5266
817 0.5266
827 0.5266
846 0.5266
856 0.5266
905 0.5266
928 0.5266
931 0.5266
50 0.5263
61 0.5263
92 0.5263
110 0.5263
149 0.5263
156 0.5263
168 0.5263
198 0.5263
207 0.5263
305 0.5263
361 0.5263
385 0.5263
417 0.5263
419 0.5263
497 0.5263
518 0.5263
565 0.5263
575 0.5263
595 0.5263
628 0.5263
634 0.5263
655 0.5263
688 0.5263
689 0.5263
740 0.5263
769 0.5263
789 0.5263
791 0.5263
807 0.5263
814 0.5263
818 0.5263
872 0.5263
873 0.5263
884 0.5263
892 0.5263
948 0.5263
963 0.5263
978 0.5263
984 0.5263
29 0.5261
55 0.5261
68 0.5261
75 0.5261
76 0.5261
135 0.5261
199 0.5261
215 0.5261
239 0.5261
260 0.5261
292 0.5261
332 0.5261
346 0.5261
358 0.5261
407 0.5261
469 0.5261
494 0.5261
536 0.5261
543 0.5261
622 0.5261
673 0.5261
677 0.5261
724 0.5261
762 0.5261
766 0.5261
781 0.5261
833 0.5261
857 0.5261
867 0.5261
870 0.5261
896 0.5261
941 0.5261
959 0.5261
970 0.5261
971 0.5261
980 0.5261
21 0.5258
162 0.5258
201 0.5258
211 0.5258
228 0.5258
229 0.5258
237 0.5258
252 0.5258
263 0.5258
327 0.5258
344 0.5258
357 0.5258
393 0.5258
427 0.5258
443 0.5258
486 0.5258
529 0.5258
548 0.5258
578 0.5258
602 0.5258
639 0.5258
644 0.5258
705 0.5258
707 0.5258
710 0.5258
730 0.5258
750 0.5258
772 0.5258
803 0.5258
834 0.5258
853 0.5258
862 0.5258
923 0.5258
942 0.5258
969 0.5258
28 0.5255
48 0.5255
64 0.5255
72 0.5255
80 0.5255
87 0.5255
89 0.5255
147 0.5255
157 0.5255
214 0.5255
220 0.5255
221 0.5255
246 0.5255
296 0.5255
328 0.5255
348 0.5255
451 0.5255
471 0.5255
490 0.5255
512 0.5255
524 0.5255
531 0.5255
581 0.5255
591 0.5255
649 0.5255
653 0.5255
664 0.5255
698 0.5255
757 0.5255
771 0.5255
812 0.5255
813 0.5255
828 0.5255
903 0.5255
912 0.5255
922 0.5255
934 0.5255
949 0.5255
10 0.5252
20 0.5252
47 0.5252
130 0.5252
134 0.5252
136 0.5252
146 0.5252
170 0.5252
205 0.5252
241 0.5252
249 0.5252
286 0.5252
295 0.5252
316 0.5252
355 0.5252
362 0.5252
401 0.5252
423 0.5252
428 0.5252
430 0.5252
484 0.5252
488 0.5252
491 0.5252
568 0.5252
584 0.5252
633 0.5252
643 0.5252
658 0.5252
671 0.5252
675 0.5252
683 0.5252
702 0.5252
726 0.5252
738 0.5252
751 0.5252
752 0.5252
787 0.5252
804 0.5252
895 0.5252
946 0.5252
951 0.5252
972 0.5252
17 0.5250
78 0.5250
119 0.5250
181 0.5250
204 0.5250
243 0.5250
309 0.5250
339 0.5250
400 0.5250
404 0.5250
425 0.5250
459 0.5250
499 0.5250
526 0.5250
546 0.5250
553 0.5250
555 0.5250
589 0.5250
614 0.5250
640 0.5250
645 0.5250
648 0.5250
693 0.5250
733 0.5250
765 0.5250
767 0.5250
770 0.5250
780 0.5250
798 0.5250
871 0.5250
887 0.5250
929 0.5250
986 0.5250
2 0.5247
13 0.5247
70 0.5247
84 0.5247
90 0.5247
111 0.5247
171 0.5247
236 0.5247
306 0.5247
311 0.5247
317 0.5247
351 0.5247
406 0.5247
446 0.5247
448 0.5247
522 0.5247
541 0.5247
550 0.5247
564 0.5247
625 0.5247
690 0.5247
706 0.5247
718 0.5247
725 0.5247
749 0.5247
755 0.5247
801 0.5247
823 0.5247
838 0.5247
844 0.5247
886 0.5247
897 0.5247
901 0.5247
907 0.5247
924 0.5247
957 0.5247
993 0.5247
43 0.5244
45 0.5244
66 0.5244
123 0.5244
140 0.5244
141 0.5244
153 0.5244
176 0.5244
217 0.5244
255 0.5244
352 0.5244
356 0.5244
388 0.5244
402 0.5244
409 0.5244
433 0.5244
453 0.5244
527 0.5244
530 0.5244
542 0.5244
566 0.5244
646 0.5244
672 0.5244
676 0.5244
746 0.5244
776 0.5244
878 0.5244
932 0.5244
944 0.5244
955 0.5244
981 0.5244
3 0.5241
7 0.5241
11 0.5241
15 0.5241
36 0.5241
40 0.5241
51 0.5241
73 0.5241
109 0.5241
120 0.5241
126 0.5241
151 0.5241
161 0.5241
222 0.5241
223 0.5241
291 0.5241
298 0.5241
312 0.5241
379 0.5241
460 0.5241
464 0.5241
481 0.5241
485 0.5241
487 0.5241
495 0.5241
510 0.5241
532 0.5241
533 0.5241
572 0.5241
598 0.5241
620 0.5241
686 0.5241
713 0.5241
715 0.5241
735 0.5241
760 0.5241
809 0.5241
860 0.5241
868 0.5241
888 0.5241
890 0.5241
916 0.5241
947 0.5241
950 0.5241
998 0.5241
26 0.5239
52 0.5239
100 0.5239
164 0.5239
274 0.5239
338 0.5239
432 0.5239
449 0.5239
475 0.5239
496 0.5239
505 0.5239
580 0.5239
583 0.5239
590 0.5239
599 0.5239
603 0.5239
610 0.5239
636 0.5239
802 0.5239
811 0.5239
825 0.5239
840 0.5239
882 0.5239
908 0.5239
97 0.5236
139 0.5236
174 0.5236
178 0.5236
206 0.5236
226 0.5236
242 0.5236
300 0.5236
324 0.5236
331 0.5236
350 0.5236
528 0.5236
534 0.5236
544 0.5236
559 0.5236
571 0.5236
579 0.5236
582 0.5236
608 0.5236
617 0.5236
631 0.5236
680 0.5236
714 0.5236
737 0.5236
785 0.5236
792 0.5236
836 0.5236
854 0.5236
926 0.5236
960 0.5236
968 0.5236
975 0.5236
1 0.5233
104 0.5233
105 0.5233
192 0.5233
283 0.5233
384 0.5233
516 0.5233
637 0.5233
696 0.5233
758 0.5233
805 0.5233
829 0.5233
851 0.5233
893 0.5233
894 0.5233
933 0.5233
39 0.5230
44 0.5230
158 0.5230
282 0.5230
342 0.5230
387 0.5230
408 0.5230
429 0.5230
440 0.5230
480 0.5230
493 0.5230
498 0.5230
570 0.5230
665 0.5230
701 0.5230
743 0.5230
859 0.5230
920 0.5230
965 0.5230
999 0.5230
41 0.5228
185 0.5228
194 0.5228
213 0.5228
268 0.5228
330 0.5228
376 0.5228
411 0.5228
455 0.5228
618 0.5228
796 0.5228
866 0.5228
56 0.5225
63 0.5225
102 0.5225
106 0.5225
189 0.5225
208 0.5225
248 0.5225
360 0.5225
416 0.5225
434 0.5225
436 0.5225
506 0.5225
596 0.5225
700 0.5225
12 0.5222
230 0.5222
383 0.5222
523 0.5222
604 0.5222
670 0.5222
794 0.5222
830 0.5222
835 0.5222
906 0.5222
982 0.5222
996 0.5222
212 0.5219
308 0.5219
515 0.5219
647 0.5219
666 0.5219
728 0.5219
810 0.5219
904 0.5219
913 0.5219
983 0.5219
234 0.5217
320 0.5217
462 0.5217
468 0.5217
567 0.5217
638 0.5217
695 0.5217
742 0.5217
831 0.5217
9 0.5214
227 0.5214
294 0.5214
444 0.5214
925 0.5214
997 0.5214
160 0.5211
262 0.5211
267 0.5211
345 0.5211
845 0.5211
129 0.5209
333 0.5209
380 0.5209
473 0.5209
520 0.5209
763 0.5209
843 0.5209
958 0.5209
88 0.5206
334 0.5206
467 0.5206
538 0.5206
849 0.5206
914 0.5206
38 0.5203
669 0.5203
930 0.5203
319 0.5200
668 0.5200
697 0.5200
939 0.5200
990 0.5200
956 0.5195
