107 0.3599
1577 0.3045
1534 0.3033
1666 0.3019
1165 0.3019
1085 0.2948
1171 0.2947
1193 0.2937
1687 0.2921
1098 0.2919
1317 0.2914
1465 0.2910
1718 0.2907
414 0.2907
483 0.2903
1173 0.2891
563 0.2888
1369 0.2886
1825 0.2885
475 0.2884
1593 0.2882
1505 0.2873
1835 0.2871
1077 0.2870
566 0.2869
1555 0.2866
1642 0.2863
651 0.2860
1405 0.2853
1509 0.2851
1726 0.2851
990 0.2850
1883 0.2845
58 0.2845
1450 0.2844
1178 0.2842
1590 0.2842
353 0.2840
1182 0.2839
1513 0.2835
1485 0.2832
1846 0.2831
1702 0.2830
1419 0.2823
1361 0.2805
1909 0.2805
1911 0.2805
1758 0.2801
171 0.2798
1074 0.2797
1663 0.2793
1553 0.2789
1567 0.2789
1013 0.2789
1806 0.2788
1866 0.2788
1029 0.2787
1307 0.2787
1511 0.2787
1126 0.2786
1274 0.2786
1705 0.2786
1803 0.2786
1847 0.2786
1421 0.2786
1494 0.2786
1621 0.2786
1187 0.2785
1410 0.2785
1537 0.2785
1289 0.2785
1719 0.2785
1518 0.2784
925 0.2778
1334 0.2778
1618 0.2777
1674 0.2777
1522 0.2776
1483 0.2771
1617 0.2770
1387 0.2769
921 0.2768
1782 0.2759
1523 0.2758
1327 0.2756
1863 0.2755
1701 0.2755
1626 0.2755
1458 0.2753
1769 0.2752
951 0.2750
991 0.2750
1817 0.2749
1197 0.2749
1697 0.2748
1049 0.2747
1477 0.2744
1329 0.2742
1561 0.2742
1622 0.2742
946 0.2741
1146 0.2739
973 0.2736
1255 0.2735
1467 0.2735
1175 0.2734
1519 0.2731
967 0.2730
1637 0.2729
1678 0.2728
1549 0.2727
1283 0.2727
923 0.2726
1461 0.2726
1639 0.2726
363 0.2725
927 0.2725
1058 0.2723
1527 0.2723
1614 0.2723
1765 0.2723
1670 0.2722
961 0.2722
1445 0.2722
1087 0.2721
929 0.2721
1585 0.2720
606 0.2719
1441 0.2719
1851 0.2719
637 0.2719
1055 0.2719
1266 0.2719
1434 0.2719
1822 0.2718
1031 0.2717
1779 0.2715
641 0.2713
601 0.2702
517 0.2701
1411 0.2701
995 0.2699
366 0.2697
1297 0.2697
1486 0.2697
1858 0.2697
1437 0.2696
1574 0.2695
1086 0.2694
1843 0.2693
649 0.2691
538 0.2690
526 0.2690
1594 0.2688
1730 0.2687
1070 0.2686
1358 0.2684
629 0.2682
1377 0.2681
1338 0.2681
1199 0.2680
917 0.2680
1427 0.2680
1645 0.2680
1217 0.2680
1431 0.2680
1545 0.2680
1237 0.2678
1783 0.2678
1277 0.2678
1179 0.2677
1882 0.2677
1078 0.2677
1122 0.2677
1374 0.2677
1589 0.2677
930 0.2676
1155 0.2675
1746 0.2675
1673 0.2675
1827 0.2675
1767 0.2675
1833 0.2675
1435 0.2674
389 0.2674
1313 0.2674
1367 0.2674
1559 0.2674
1514 0.2674
993 0.2673
1371 0.2673
1745 0.2673
1786 0.2673
1014 0.2673
1714 0.2673
1425 0.2673
1487 0.2673
1390 0.2672
1613 0.2672
1707 0.2672
1399 0.2671
1473 0.2671
1391 0.2671
1551 0.2671
1557 0.2671
1871 0.2671
1471 0.2670
1893 0.2670
1113 0.2670
1211 0.2670
1475 0.2670
1694 0.2670
1610 0.2670
1729 0.2670
1349 0.2670
1554 0.2669
1661 0.2669
1778 0.2669
1839 0.2669
1899 0.2669
1742 0.2669
1777 0.2669
1373 0.2669
1611 0.2668
1630 0.2668
1791 0.2668
1059 0.2668
1282 0.2668
1677 0.2668
1185 0.2668
1446 0.2668
1495 0.2668
1515 0.2668
1533 0.2668
1790 0.2668
1813 0.2668
1837 0.2668
1250 0.2668
1318 0.2667
1794 0.2667
1261 0.2667
1273 0.2667
1565 0.2667
1787 0.2667
1799 0.2667
942 0.2667
1001 0.2667
1066 0.2667
1878 0.2667
1158 0.2666
1017 0.2666
1222 0.2666
1543 0.2666
1114 0.2666
1603 0.2666
1606 0.2666
1894 0.2666
1879 0.2666
1881 0.2666
1018 0.2665
1107 0.2665
1142 0.2665
1166 0.2665
1679 0.2665
1763 0.2665
954 0.2665
1099 0.2665
1238 0.2665
1075 0.2665
1669 0.2665
1447 0.2665
1006 0.2664
1025 0.2664
1102 0.2664
1191 0.2664
1595 0.2664
1662 0.2664
1751 0.2664
1793 0.2664
1303 0.2664
1766 0.2664
1331 0.2664
1454 0.2664
1309 0.2663
1529 0.2663
1706 0.2663
1870 0.2663
1429 0.2663
1095 0.2663
1281 0.2663
1695 0.2663
1717 0.2663
1357 0.2663
1382 0.2663
1757 0.2663
1861 0.2663
987 0.2662
1153 0.2662
1210 0.2662
1245 0.2662
1335 0.2662
1598 0.2662
1110 0.2662
1582 0.2662
1801 0.2662
1823 0.2662
1902 0.2662
1397 0.2662
1750 0.2662
1117 0.2662
1570 0.2662
1682 0.2662
1867 0.2662
1243 0.2661
1341 0.2661
1761 0.2661
1842 0.2661
1850 0.2661
1230 0.2661
1406 0.2661
1491 0.2661
1638 0.2661
1683 0.2661
962 0.2661
1079 0.2661
1269 0.2661
1609 0.2661
1671 0.2661
1907 0.2661
905 0.2661
933 0.2661
1101 0.2661
1573 0.2661
919 0.2660
1235 0.2660
1267 0.2660
1490 0.2660
1547 0.2660
1665 0.2660
1675 0.2660
1689 0.2660
1875 0.2660
1330 0.2660
1459 0.2660
1625 0.2660
947 0.2660
1214 0.2660
1631 0.2660
1291 0.2660
1563 0.2660
1721 0.2660
1773 0.2660
966 0.2660
1242 0.2660
953 0.2659
978 0.2659
1125 0.2659
1294 0.2659
1849 0.2659
1290 0.2659
1479 0.2659
1643 0.2659
1735 0.2659
1370 0.2658
1826 0.2658
1302 0.2658
1530 0.2658
1619 0.2658
1741 0.2658
1845 0.2658
1597 0.2658
1809 0.2658
1409 0.2658
1067 0.2657
1205 0.2657
906 0.2657
1886 0.2657
1654 0.2657
1083 0.2657
1305 0.2657
1699 0.2657
1149 0.2656
1189 0.2656
1209 0.2656
1223 0.2656
1455 0.2656
1623 0.2656
1810 0.2656
1709 0.2656
1898 0.2656
1226 0.2656
997 0.2655
1591 0.2655
957 0.2655
1003 0.2655
1271 0.2655
1339 0.2655
1345 0.2655
1685 0.2655
1789 0.2655
1163 0.2655
1181 0.2655
1583 0.2655
1795 0.2655
1819 0.2655
1393 0.2654
1423 0.2654
1231 0.2654
1323 0.2654
1605 0.2654
934 0.2654
1359 0.2654
1754 0.2654
1026 0.2654
1322 0.2654
1449 0.2654
1658 0.2654
1753 0.2654
1659 0.2653
1198 0.2653
1227 0.2653
1737 0.2653
1054 0.2653
1462 0.2653
1469 0.2653
1897 0.2653
1275 0.2653
915 0.2652
1470 0.2652
1538 0.2652
1891 0.2652
999 0.2652
1347 0.2652
1506 0.2652
1539 0.2652
1647 0.2652
1047 0.2652
1402 0.2652
1502 0.2652
1123 0.2652
1221 0.2652
1535 0.2652
1857 0.2652
897 0.2651
1041 0.2651
1351 0.2651
1407 0.2651
1526 0.2651
1183 0.2651
1259 0.2651
1375 0.2651
1770 0.2651
1135 0.2651
1298 0.2651
1653 0.2651
1855 0.2651
1011 0.2651
1130 0.2651
1366 0.2651
1811 0.2651
963 0.2650
1278 0.2650
1287 0.2650
1578 0.2650
1703 0.2650
982 0.2650
1021 0.2650
1207 0.2650
1727 0.2650
1426 0.2650
1877 0.2650
983 0.2650
1037 0.2650
1219 0.2650
1265 0.2650
1457 0.2650
1507 0.2650
1525 0.2650
1159 0.2649
1314 0.2649
1691 0.2649
1010 0.2649
1109 0.2649
1715 0.2649
1738 0.2649
1415 0.2649
1169 0.2649
1389 0.2649
1413 0.2649
1569 0.2649
1722 0.2649
1807 0.2649
941 0.2648
1019 0.2648
1082 0.2648
1129 0.2648
1201 0.2648
1571 0.2648
1862 0.2648
1195 0.2648
975 0.2648
1587 0.2648
1655 0.2648
1681 0.2648
1723 0.2648
1734 0.2648
1009 0.2648
1257 0.2648
1830 0.2648
1285 0.2647
1379 0.2647
913 0.2647
949 0.2647
1121 0.2647
1143 0.2647
1215 0.2647
1293 0.2647
1542 0.2647
1725 0.2647
1831 0.2647
959 0.2647
1482 0.2647
1365 0.2647
1901 0.2647
902 0.2646
1229 0.2646
1246 0.2646
1258 0.2646
1710 0.2646
981 0.2646
1051 0.2646
1398 0.2646
1517 0.2646
1774 0.2646
1841 0.2646
1853 0.2646
898 0.2646
1385 0.2646
1649 0.2646
1859 0.2646
1873 0.2646
1903 0.2646
1315 0.2646
1337 0.2646
971 0.2646
1170 0.2646
1279 0.2646
1190 0.2645
1550 0.2645
1635 0.2645
922 0.2645
1634 0.2645
1733 0.2645
1910 0.2645
969 0.2645
989 0.2645
1015 0.2645
1097 0.2645
1118 0.2645
1343 0.2645
1438 0.2645
1451 0.2645
1895 0.2645
901 0.2645
903 0.2645
1350 0.2645
1497 0.2645
1503 0.2645
1686 0.2645
1321 0.2644
1333 0.2644
1355 0.2644
1453 0.2644
1798 0.2644
1821 0.2644
994 0.2644
1081 0.2644
1115 0.2644
1378 0.2644
1541 0.2644
1601 0.2644
1818 0.2644
1885 0.2644
1023 0.2644
1106 0.2644
1131 0.2644
1167 0.2644
1225 0.2644
1299 0.2644
1381 0.2644
1781 0.2644
1785 0.2644
1137 0.2644
1247 0.2644
1319 0.2644
1667 0.2644
1743 0.2644
938 0.2643
1053 0.2643
1433 0.2643
1489 0.2643
1493 0.2643
1531 0.2643
1615 0.2643
1035 0.2643
1039 0.2643
1151 0.2643
1241 0.2643
1286 0.2643
1306 0.2643
1311 0.2643
1439 0.2643
958 0.2643
977 0.2643
1161 0.2643
1310 0.2643
1646 0.2643
1805 0.2643
1213 0.2643
1363 0.2643
1566 0.2643
1629 0.2643
926 0.2642
1418 0.2642
1481 0.2642
1575 0.2642
1633 0.2642
1698 0.2642
1815 0.2642
914 0.2642
939 0.2642
970 0.2642
1007 0.2642
1033 0.2642
1062 0.2642
1139 0.2642
1186 0.2642
1325 0.2642
1501 0.2642
1650 0.2642
1771 0.2642
1906 0.2642
1063 0.2642
1127 0.2642
1174 0.2642
1478 0.2642
1641 0.2642
1747 0.2642
931 0.2642
1042 0.2642
1069 0.2642
1091 0.2642
1141 0.2642
1150 0.2642
1234 0.2642
1829 0.2642
1889 0.2642
1138 0.2641
1249 0.2641
1602 0.2641
1869 0.2641
965 0.2641
1005 0.2641
1089 0.2641
1177 0.2641
1251 0.2641
1739 0.2641
1749 0.2641
1090 0.2641
1094 0.2641
1134 0.2641
1218 0.2641
1499 0.2641
1562 0.2641
1599 0.2641
1802 0.2641
1905 0.2641
907 0.2641
909 0.2641
950 0.2641
955 0.2641
979 0.2641
998 0.2641
1030 0.2641
1043 0.2641
1045 0.2641
1050 0.2641
1093 0.2641
1154 0.2641
1401 0.2641
1422 0.2641
1463 0.2641
1887 0.2641
986 0.2641
1073 0.2641
1103 0.2641
1111 0.2641
1162 0.2641
1239 0.2641
1342 0.2641
1403 0.2641
1731 0.2641
1814 0.2641
1865 0.2641
1874 0.2641
935 0.2640
943 0.2640
974 0.2640
1202 0.2640
1263 0.2640
1414 0.2640
1443 0.2640
1521 0.2640
1775 0.2640
1838 0.2640
1890 0.2640
937 0.2640
1038 0.2640
1061 0.2640
1133 0.2640
1157 0.2640
1301 0.2640
1346 0.2640
1498 0.2640
1797 0.2640
985 0.2640
1057 0.2640
1147 0.2640
1203 0.2640
1254 0.2640
1295 0.2640
1383 0.2640
1417 0.2640
1442 0.2640
1510 0.2640
1579 0.2640
1762 0.2640
899 0.2640
945 0.2640
1002 0.2640
1022 0.2640
1027 0.2640
1034 0.2640
1046 0.2640
1071 0.2640
1105 0.2640
1194 0.2640
1253 0.2640
1354 0.2640
1362 0.2640
1546 0.2640
1586 0.2640
1607 0.2640
1627 0.2640
1651 0.2640
1711 0.2640
910 0.2639
1065 0.2639
1262 0.2639
1270 0.2639
1326 0.2639
1353 0.2639
1395 0.2639
1474 0.2639
1657 0.2639
1713 0.2639
1755 0.2639
1759 0.2639
1854 0.2639
911 0.2639
918 0.2639
1119 0.2639
1145 0.2639
1206 0.2639
1233 0.2639
1386 0.2639
1394 0.2639
1430 0.2639
1466 0.2639
1558 0.2639
1581 0.2639
1690 0.2639
1693 0.2639
1834 0.2639
3437 0.2557
567 0.2525
3101 0.2507
3263 0.2494
2869 0.2475
3258 0.2469
2543 0.2468
3111 0.2468
2347 0.2461
2047 0.2460
2677 0.2459
3385 0.2458
3265 0.2457
2199 0.2456
2283 0.2452
2133 0.2451
2111 0.2450
2007 0.2448
2289 0.2448
2598 0.2447
1941 0.2446
2087 0.2446
2117 0.2445
2282 0.2445
1945 0.2444
2187 0.2443
2081 0.2443
2102 0.2443
2319 0.2443
2153 0.2442
2054 0.2442
2333 0.2442
2555 0.2441
2510 0.2441
2491 0.2440
2471 0.2439
2149 0.2439
2629 0.2438
2223 0.2438
2642 0.2437
2125 0.2437
2511 0.2437
2649 0.2436
2138 0.2435
2241 0.2435
2189 0.2435
2247 0.2435
2250 0.2435
2461 0.2435
3289 0.2434
2038 0.2434
2169 0.2434
2279 0.2434
2127 0.2434
2071 0.2433
3186 0.2432
2327 0.2432
2463 0.2432
2302 0.2432
1959 0.2431
2582 0.2431
2567 0.2431
2475 0.2431
2693 0.2431
2826 0.2431
2143 0.2430
2533 0.2430
1947 0.2430
2451 0.2429
2597 0.2429
2183 0.2429
2398 0.2429
1954 0.2428
2419 0.2428
2594 0.2428
2643 0.2428
2194 0.2427
2351 0.2427
2509 0.2427
2883 0.2427
2042 0.2427
3278 0.2426
2010 0.2426
2338 0.2426
2707 0.2426
2134 0.2425
2246 0.2425
2343 0.2424
2053 0.2424
2394 0.2423
2039 0.2422
2135 0.2422
2417 0.2422
2239 0.2421
2191 0.2421
373 0.2420
2273 0.2420
2315 0.2420
1994 0.2419
2151 0.2419
2653 0.2419
513 0.2418
2002 0.2418
559 0.2418
2458 0.2418
2026 0.2417
561 0.2417
2617 0.2416
2137 0.2416
2979 0.2416
2215 0.2415
2377 0.2415
374 0.2414
862 0.2414
2174 0.2414
3245 0.2414
553 0.2413
2445 0.2412
2293 0.2411
2062 0.2410
391 0.2410
3361 0.2409
2547 0.2409
465 0.2409
2203 0.2409
370 0.2408
395 0.2408
2822 0.2407
2385 0.2407
2498 0.2406
2294 0.2406
591 0.2404
3173 0.2403
542 0.2403
2465 0.2403
461 0.2403
2609 0.2402
3222 0.2402
2267 0.2401
2589 0.2401
2285 0.2399
2101 0.2398
2355 0.2397
423 0.2397
2502 0.2396
525 0.2395
3830 0.2395
497 0.2394
2163 0.2393
2198 0.2393
645 0.2390
3633 0.2389
3851 0.2389
3877 0.2388
3495 0.2388
3577 0.2387
419 0.2387
2519 0.2387
3501 0.2387
3797 0.2386
3677 0.2386
3525 0.2385
3674 0.2385
3651 0.2385
3962 0.2385
3609 0.2384
3721 0.2384
3005 0.2384
3750 0.2384
3886 0.2384
3943 0.2384
2605 0.2383
3741 0.2383
3550 0.2383
3561 0.2382
503 0.2380
3406 0.2379
2298 0.2378
3034 0.2378
2529 0.2378
402 0.2378
417 0.2377
683 0.2376
2295 0.2375
527 0.2374
3201 0.2371
439 0.2370
1926 0.2370
471 0.2369
3386 0.2369
537 0.2368
2389 0.2367
646 0.2366
3366 0.2364
3355 0.2361
590 0.2361
610 0.2358
3179 0.2358
3233 0.2357
451 0.2356
3019 0.2355
3162 0.2354
387 0.2352
2413 0.2351
3290 0.2350
2999 0.2347
2734 0.2347
2266 0.2346
1913 0.2346
3011 0.2344
3319 0.2341
2542 0.2339
2825 0.2338
2399 0.2337
2813 0.2337
1955 0.2335
2501 0.2335
3295 0.2335
3331 0.2331
2325 0.2330
3062 0.2330
2530 0.2330
173 0.2329
3409 0.2329
3079 0.2328
2254 0.2325
2065 0.2324
2938 0.2324
2775 0.2321
3178 0.2321
3001 0.2321
3205 0.2319
2031 0.2318
2941 0.2315
2962 0.2314
2725 0.2312
2330 0.2312
3410 0.2309
3057 0.2308
431 0.2305
378 0.2303
506 0.2303
2155 0.2303
438 0.2302
2003 0.2300
427 0.2299
2185 0.2299
515 0.2298
514 0.2296
422 0.2294
3165 0.2293
2678 0.2292
614 0.2292
669 0.2292
507 0.2288
269 0.2286
34 0.2286
397 0.2285
2903 0.2283
549 0.2283
434 0.2281
430 0.2280
394 0.2276
639 0.2275
493 0.2275
634 0.2274
671 0.2272
594 0.2271
630 0.2269
367 0.2269
463 0.2268
678 0.2268
557 0.2268
545 0.2267
487 0.2265
523 0.2264
558 0.2264
482 0.2264
455 0.2264
473 0.2263
587 0.2263
546 0.2262
494 0.2262
446 0.2261
479 0.2260
609 0.2260
654 0.2259
425 0.2259
531 0.2259
653 0.2258
666 0.2258
119 0.2257
579 0.2257
679 0.2257
593 0.2256
535 0.2256
409 0.2255
555 0.2255
619 0.2255
369 0.2255
597 0.2255
617 0.2255
618 0.2255
421 0.2254
574 0.2254
510 0.2254
685 0.2254
682 0.2254
631 0.2253
663 0.2253
657 0.2253
385 0.2253
426 0.2253
469 0.2253
667 0.2253
442 0.2253
655 0.2253
355 0.2252
398 0.2252
415 0.2252
2971 0.2252
350 0.2252
481 0.2251
573 0.2251
586 0.2251
407 0.2250
458 0.2250
435 0.2250
578 0.2250
583 0.2250
627 0.2250
658 0.2250
659 0.2250
662 0.2250
670 0.2250
543 0.2250
565 0.2250
577 0.2250
599 0.2250
615 0.2250
643 0.2250
661 0.2250
675 0.2250
681 0.2250
582 0.2250
635 0.2250
650 0.2250
595 0.2249
625 0.2249
677 0.2249
647 0.2249
405 0.2249
418 0.2249
589 0.2249
605 0.2249
665 0.2249
569 0.2249
603 0.2249
623 0.2249
598 0.2249
611 0.2248
622 0.2248
626 0.2248
633 0.2248
575 0.2248
449 0.2247
621 0.2247
518 0.2247
357 0.2247
581 0.2247
642 0.2247
585 0.2247
602 0.2247
607 0.2247
613 0.2247
638 0.2247
673 0.2247
674 0.2247
489 0.2247
547 0.2247
359 0.2246
450 0.2246
457 0.2246
539 0.2245
519 0.2245
2838 0.2245
2885 0.2245
3003 0.2245
541 0.2244
403 0.2244
554 0.2244
474 0.2243
511 0.2243
521 0.2243
361 0.2243
477 0.2242
433 0.2242
462 0.2242
375 0.2241
459 0.2241
502 0.2241
491 0.2241
534 0.2240
490 0.2240
390 0.2239
410 0.2239
485 0.2238
1967 0.2235
150 0.2225
551 0.2221
486 0.2221
381 0.2220
505 0.2218
189 0.2218
217 0.2218
2814 0.2209
509 0.2132
3302 0.2128
3335 0.2118
2946 0.2117
3185 0.2110
2901 0.2109
2863 0.2104
2894 0.2101
3454 0.2098
3861 0.2098
3487 0.2097
3723 0.2097
3961 0.2097
3381 0.2092
3397 0.2087
2718 0.2086
3274 0.2086
3342 0.2086
2951 0.2085
3214 0.2085
3049 0.2085
3211 0.2085
3082 0.2084
3027 0.2083
2787 0.2083
2781 0.2082
3150 0.2082
3038 0.2082
3198 0.2082
3291 0.2082
2730 0.2082
2793 0.2080
2742 0.2079
3113 0.2078
3434 0.2078
3347 0.2078
698 0.2077
3097 0.2077
2778 0.2077
2833 0.2077
3330 0.2076
3089 0.2076
3403 0.2076
2661 0.2076
2665 0.2075
2719 0.2075
3051 0.2075
3107 0.2075
2923 0.2075
3002 0.2074
3035 0.2074
3351 0.2072
2849 0.2072
2914 0.2071
3145 0.2070
2921 0.2069
2989 0.2069
3353 0.2069
3299 0.2068
3350 0.2068
3017 0.2068
2939 0.2068
3106 0.2066
2785 0.2066
3277 0.2066
3070 0.2066
2973 0.2065
2674 0.2065
3419 0.2065
3297 0.2065
3411 0.2065
3253 0.2064
3169 0.2064
3267 0.2064
3146 0.2064
3115 0.2063
3365 0.2063
2847 0.2063
3395 0.2062
2853 0.2062
3287 0.2062
3118 0.2061
3391 0.2061
2958 0.2061
3239 0.2061
3279 0.2060
2735 0.2060
2991 0.2059
2881 0.2058
3247 0.2058
3182 0.2058
3077 0.2057
3087 0.2057
2918 0.2056
3103 0.2056
857 0.2055
3261 0.2055
3177 0.2054
2950 0.2054
2875 0.2053
2955 0.2053
3021 0.2051
3081 0.2051
2871 0.2051
3206 0.2051
3369 0.2049
3187 0.2048
3259 0.2048
2783 0.2048
3102 0.2048
2762 0.2048
3219 0.2048
2753 0.2048
2758 0.2047
3086 0.2047
3341 0.2047
3422 0.2047
2831 0.2046
2770 0.2046
3346 0.2046
2859 0.2044
2937 0.2044
3041 0.2043
3275 0.2043
2765 0.2043
3110 0.2042
3255 0.2042
3043 0.2041
3191 0.2041
3545 0.2040
1985 0.2040
2957 0.2040
3938 0.2040
3223 0.2039
3377 0.2039
3415 0.2039
3225 0.2038
3117 0.2038
3521 0.2038
3611 0.2038
3838 0.2038
3378 0.2038
2865 0.2038
3506 0.2038
3593 0.2038
3793 0.2038
2819 0.2037
2795 0.2037
3930 0.2037
2845 0.2037
3442 0.2037
3758 0.2037
3906 0.2037
3449 0.2037
3705 0.2037
3971 0.2037
3455 0.2036
3586 0.2036
3790 0.2036
3966 0.2036
3558 0.2036
2970 0.2036
3629 0.2036
3794 0.2036
3842 0.2036
3599 0.2036
3731 0.2036
3734 0.2036
3829 0.2036
3902 0.2036
3926 0.2036
3951 0.2036
3873 0.2036
3553 0.2036
3514 0.2036
3526 0.2036
3529 0.2036
3625 0.2036
3702 0.2036
3722 0.2036
3869 0.2036
3921 0.2036
2870 0.2035
3373 0.2035
3486 0.2035
3617 0.2035
3737 0.2035
3738 0.2035
3782 0.2035
3810 0.2035
3826 0.2035
3833 0.2035
3945 0.2035
3947 0.2035
3605 0.2035
3918 0.2035
3039 0.2035
3475 0.2035
3518 0.2035
3569 0.2035
3821 0.2035
3822 0.2035
3835 0.2035
3463 0.2035
3542 0.2035
3687 0.2035
3690 0.2035
3710 0.2035
3713 0.2035
3753 0.2035
3867 0.2035
3590 0.2035
3711 0.2035
3714 0.2035
3858 0.2035
3907 0.2035
3469 0.2035
3557 0.2035
3559 0.2035
3635 0.2035
3706 0.2035
3825 0.2035
3841 0.2035
3509 0.2035
3534 0.2035
3693 0.2035
3718 0.2035
3730 0.2035
3870 0.2035
3927 0.2035
2802 0.2034
3438 0.2034
3466 0.2034
3471 0.2034
3505 0.2034
3643 0.2034
3719 0.2034
3803 0.2034
3909 0.2034
3969 0.2034
3443 0.2034
3499 0.2034
3510 0.2034
3511 0.2034
3578 0.2034
3634 0.2034
3642 0.2034
3707 0.2034
3831 0.2034
3891 0.2034
3931 0.2034
3491 0.2034
3527 0.2034
3538 0.2034
3554 0.2034
3555 0.2034
3573 0.2034
3591 0.2034
3779 0.2034
3786 0.2034
3850 0.2034
3458 0.2034
3485 0.2034
3497 0.2034
3498 0.2034
3535 0.2034
3571 0.2034
3618 0.2034
3623 0.2034
3670 0.2034
3725 0.2034
3743 0.2034
3759 0.2034
3761 0.2034
3774 0.2034
3845 0.2034
3881 0.2034
3898 0.2034
3957 0.2034
3479 0.2034
3517 0.2034
3519 0.2034
3546 0.2034
3562 0.2034
3601 0.2034
3613 0.2034
3649 0.2034
3662 0.2034
3695 0.2034
3747 0.2034
3757 0.2034
3773 0.2034
3802 0.2034
3855 0.2034
3862 0.2034
3866 0.2034
3883 0.2034
3903 0.2034
3915 0.2034
3933 0.2034
3459 0.2034
3465 0.2034
3470 0.2034
3473 0.2034
3474 0.2034
3481 0.2034
3490 0.2034
3493 0.2034
3523 0.2034
3579 0.2034
3602 0.2034
3615 0.2034
3646 0.2034
3667 0.2034
3697 0.2034
3698 0.2034
3701 0.2034
3715 0.2034
3791 0.2034
3837 0.2034
3157 0.2034
3450 0.2034
3533 0.2034
3549 0.2034
3594 0.2034
3621 0.2034
3627 0.2034
3645 0.2034
3663 0.2034
3703 0.2034
3735 0.2034
3778 0.2034
3815 0.2034
3975 0.2034
3007 0.2033
3462 0.2033
3478 0.2033
3483 0.2033
3563 0.2033
3567 0.2033
3574 0.2033
3581 0.2033
3587 0.2033
3595 0.2033
3630 0.2033
3639 0.2033
3675 0.2033
3683 0.2033
3685 0.2033
3739 0.2033
3769 0.2033
3785 0.2033
3823 0.2033
3889 0.2033
3913 0.2033
3917 0.2033
3919 0.2033
3937 0.2033
3949 0.2033
3950 0.2033
3515 0.2033
3657 0.2033
3679 0.2033
3726 0.2033
3762 0.2033
3809 0.2033
3819 0.2033
3863 0.2033
3874 0.2033
3929 0.2033
3934 0.2033
3967 0.2033
3446 0.2033
3482 0.2033
3507 0.2033
3531 0.2033
3547 0.2033
3610 0.2033
3622 0.2033
3654 0.2033
3655 0.2033
3763 0.2033
3818 0.2033
3847 0.2033
3857 0.2033
3895 0.2033
3979 0.2033
3541 0.2033
3543 0.2033
3566 0.2033
3583 0.2033
3598 0.2033
3658 0.2033
3659 0.2033
3671 0.2033
3754 0.2033
3767 0.2033
3783 0.2033
3817 0.2033
3894 0.2033
3958 0.2033
3503 0.2033
3522 0.2033
3530 0.2033
3539 0.2033
3551 0.2033
3585 0.2033
3614 0.2033
3626 0.2033
3631 0.2033
3666 0.2033
3681 0.2033
3682 0.2033
3755 0.2033
3766 0.2033
3770 0.2033
3777 0.2033
3789 0.2033
3799 0.2033
3814 0.2033
3827 0.2033
3871 0.2033
3878 0.2033
3901 0.2033
3439 0.2033
3461 0.2033
3502 0.2033
3607 0.2033
3641 0.2033
3771 0.2033
3775 0.2033
3843 0.2033
3859 0.2033
3899 0.2033
3905 0.2033
3923 0.2033
3941 0.2033
3963 0.2033
3441 0.2033
3445 0.2033
3457 0.2033
3477 0.2033
3638 0.2033
3647 0.2033
3669 0.2033
3727 0.2033
3745 0.2033
3749 0.2033
3751 0.2033
3795 0.2033
3806 0.2033
3813 0.2033
3834 0.2033
3887 0.2033
3890 0.2033
3911 0.2033
3914 0.2033
3925 0.2033
3970 0.2033
3973 0.2033
3977 0.2033
2685 0.2032
3447 0.2032
3494 0.2032
3606 0.2032
3637 0.2032
3665 0.2032
3678 0.2032
3742 0.2032
3765 0.2032
3781 0.2032
3839 0.2032
3939 0.2032
3946 0.2032
3953 0.2032
3954 0.2032
3965 0.2032
3978 0.2032
3467 0.2032
3489 0.2032
3513 0.2032
3537 0.2032
3565 0.2032
3597 0.2032
3603 0.2032
3653 0.2032
3661 0.2032
3673 0.2032
3686 0.2032
3689 0.2032
3694 0.2032
3733 0.2032
3787 0.2032
3801 0.2032
3805 0.2032
3811 0.2032
3849 0.2032
3865 0.2032
3893 0.2032
3910 0.2032
3582 0.2032
3619 0.2032
3691 0.2032
3699 0.2032
3717 0.2032
3746 0.2032
3807 0.2032
3846 0.2032
3854 0.2032
3875 0.2032
3879 0.2032
3882 0.2032
3885 0.2032
3897 0.2032
3942 0.2032
3955 0.2032
3959 0.2032
3451 0.2032
3453 0.2032
3570 0.2032
3575 0.2032
3589 0.2032
3650 0.2032
3709 0.2032
3729 0.2032
3798 0.2032
3853 0.2032
3922 0.2032
3935 0.2032
3974 0.2032
2686 0.2030
2843 0.2030
3189 0.2029
3170 0.2028
3375 0.2028
2823 0.2026
2233 0.2026
2142 0.2025
2313 0.2025
3069 0.2024
2737 0.2023
3298 0.2022
3246 0.2022
2259 0.2022
2433 0.2021
2537 0.2021
3199 0.2021
2797 0.2020
3155 0.2020
2229 0.2020
2473 0.2020
3167 0.2019
2226 0.2019
3262 0.2019
2733 0.2019
2934 0.2019
2218 0.2018
2242 0.2018
3270 0.2018
2611 0.2018
1993 0.2017
2410 0.2017
2601 0.2017
2131 0.2017
2206 0.2017
2123 0.2017
2078 0.2017
2395 0.2017
2309 0.2016
2701 0.2016
2602 0.2016
2331 0.2016
2607 0.2016
2414 0.2016
2150 0.2016
2278 0.2016
2369 0.2016
1983 0.2016
2507 0.2016
2069 0.2016
2590 0.2016
2161 0.2015
1946 0.2015
2059 0.2015
2526 0.2015
2093 0.2015
3061 0.2015
2090 0.2015
2586 0.2015
2615 0.2015
1938 0.2014
2593 0.2014
2625 0.2014
2030 0.2014
2210 0.2014
2073 0.2014
2271 0.2014
2275 0.2014
1943 0.2014
2043 0.2014
2323 0.2014
2581 0.2014
2367 0.2014
2381 0.2014
1987 0.2014
2103 0.2014
1917 0.2013
1962 0.2013
2201 0.2013
2518 0.2013
2033 0.2013
1979 0.2013
2550 0.2013
2118 0.2013
1971 0.2013
2139 0.2013
2438 0.2013
2630 0.2012
2363 0.2012
2045 0.2012
2619 0.2012
2423 0.2012
2559 0.2012
2722 0.2012
2190 0.2012
2551 0.2012
3431 0.2012
2409 0.2012
2005 0.2011
2095 0.2011
2253 0.2011
1918 0.2011
2037 0.2011
2374 0.2011
3345 0.2011
1939 0.2011
2334 0.2011
2057 0.2011
2462 0.2011
2379 0.2010
2446 0.2010
2575 0.2010
2243 0.2010
2638 0.2010
3358 0.2010
2290 0.2010
2354 0.2010
1966 0.2010
2430 0.2010
2063 0.2010
2949 0.2009
3405 0.2009
2145 0.2009
2083 0.2009
2578 0.2008
2257 0.2008
3398 0.2008
2370 0.2008
2478 0.2008
2329 0.2007
2482 0.2007
2546 0.2007
2561 0.2007
2495 0.2007
2121 0.2007
2646 0.2007
2211 0.2007
2623 0.2007
2110 0.2006
2126 0.2006
2467 0.2006
2521 0.2006
2573 0.2006
2086 0.2006
2099 0.2006
1925 0.2006
2115 0.2006
2058 0.2006
2109 0.2004
2339 0.2004
2165 0.2004
2386 0.2004
2531 0.2004
2299 0.2004
2387 0.2004
2429 0.2004
2345 0.2003
2489 0.2003
2322 0.2003
1997 0.2003
2654 0.2003
2469 0.2003
2485 0.2002
2506 0.2002
2261 0.2002
2610 0.2002
2631 0.2002
3154 0.2002
1953 0.2002
2539 0.2002
2579 0.2002
2046 0.2002
2366 0.2002
2074 0.2001
2237 0.2001
2434 0.2001
2098 0.2001
2306 0.2001
1970 0.2001
2235 0.2001
2326 0.2001
2406 0.2001
1929 0.2000
2361 0.2000
1923 0.2000
2655 0.2000
2122 0.1999
3266 0.1999
2055 0.1999
2085 0.1999
1989 0.1999
2154 0.1998
3327 0.1998
2449 0.1998
3133 0.1998
2571 0.1998
2563 0.1998
2747 0.1998
3221 0.1998
1982 0.1998
2231 0.1998
2407 0.1997
3321 0.1997
3210 0.1997
2147 0.1996
2418 0.1996
2603 0.1996
2606 0.1996
2107 0.1996
2499 0.1996
2029 0.1995
2353 0.1995
1942 0.1995
2574 0.1995
2637 0.1995
2214 0.1994
2591 0.1994
2525 0.1993
1981 0.1993
2077 0.1993
2566 0.1993
1965 0.1993
2425 0.1993
2249 0.1993
2557 0.1993
2393 0.1992
2427 0.1992
2318 0.1991
2209 0.1991
2019 0.1991
2534 0.1991
2522 0.1991
2697 0.1990
2342 0.1990
2554 0.1989
2474 0.1989
2179 0.1989
2303 0.1989
2391 0.1989
2641 0.1989
2021 0.1989
2067 0.1989
2371 0.1989
1975 0.1988
2049 0.1988
2310 0.1988
2618 0.1988
1930 0.1988
2234 0.1988
2305 0.1988
3046 0.1988
2411 0.1988
2317 0.1987
2141 0.1987
2186 0.1987
2390 0.1987
2479 0.1987
2713 0.1987
2075 0.1986
2383 0.1986
2173 0.1986
2277 0.1986
2397 0.1986
2659 0.1986
2599 0.1985
2222 0.1985
2426 0.1985
2221 0.1984
2335 0.1984
1973 0.1984
2023 0.1984
2274 0.1984
2453 0.1983
2175 0.1983
3151 0.1983
2205 0.1983
2066 0.1983
2287 0.1983
2350 0.1982
2415 0.1982
2497 0.1982
2286 0.1981
1990 0.1981
2362 0.1981
2403 0.1981
1921 0.1981
2314 0.1981
2635 0.1981
2358 0.1980
3203 0.1980
2166 0.1980
2459 0.1980
2503 0.1980
2193 0.1980
1919 0.1979
1978 0.1979
2401 0.1979
2230 0.1979
3310 0.1978
2291 0.1978
2818 0.1978
2662 0.1978
3171 0.1978
3313 0.1977
2538 0.1977
2177 0.1976
2365 0.1975
3010 0.1974
3418 0.1973
1931 0.1973
2739 0.1973
2965 0.1973
3207 0.1973
2009 0.1973
2061 0.1972
2159 0.1972
3009 0.1971
3075 0.1971
2675 0.1971
1935 0.1970
1951 0.1970
2202 0.1970
1927 0.1970
3379 0.1969
3161 0.1968
2297 0.1968
2514 0.1968
3018 0.1968
3357 0.1968
2627 0.1968
2658 0.1968
2270 0.1967
2585 0.1967
1999 0.1967
2182 0.1967
2711 0.1966
2714 0.1966
2517 0.1966
3421 0.1965
2702 0.1965
1969 0.1965
3393 0.1965
2490 0.1964
3307 0.1964
2493 0.1964
163 0.1964
2001 0.1964
3067 0.1963
570 0.1962
2171 0.1962
865 0.1961
1995 0.1961
2018 0.1959
3285 0.1959
3306 0.1959
3329 0.1959
2378 0.1958
3242 0.1958
3343 0.1958
2447 0.1958
3138 0.1958
413 0.1957
2157 0.1957
2895 0.1957
2830 0.1956
2803 0.1956
3359 0.1956
495 0.1956
2790 0.1955
445 0.1953
2829 0.1952
362 0.1951
2933 0.1951
2882 0.1950
2947 0.1950
2935 0.1948
3273 0.1948
2995 0.1947
3217 0.1947
498 0.1947
354 0.1946
3254 0.1946
2443 0.1944
3241 0.1944
2942 0.1944
202 0.1943
365 0.1943
2553 0.1942
2779 0.1942
3371 0.1942
1986 0.1941
2359 0.1940
2549 0.1940
3374 0.1938
2307 0.1938
2346 0.1938
2626 0.1937
2983 0.1936
2477 0.1935
3370 0.1934
371 0.1934
3334 0.1934
2213 0.1934
3066 0.1933
3159 0.1931
2709 0.1930
2682 0.1925
2082 0.1923
2162 0.1921
1963 0.1918
329 0.1917
3121 0.1917
2727 0.1915
2311 0.1913
2258 0.1910
2811 0.1908
2671 0.1907
2721 0.1907
3091 0.1907
2262 0.1906
2454 0.1905
406 0.1903
3083 0.1902
2886 0.1901
383 0.1900
2170 0.1900
2466 0.1898
166 0.1896
277 0.1871
470 0.1867
25 0.1867
198 0.1865
67 0.1864
9 0.1864
271 0.1864
26 0.1863
21 0.1863
122 0.1863
203 0.1863
239 0.1862
98 0.1862
170 0.1861
285 0.1861
109 0.1861
323 0.1861
325 0.1860
113 0.1860
342 0.1860
339 0.1858
81 0.1858
13 0.1857
39 0.1856
105 0.1856
478 0.1856
199 0.1854
349 0.1854
4031 0.1854
50 0.1853
297 0.1853
313 0.1852
185 0.1852
3989 0.1852
4011 0.1851
261 0.1850
522 0.1850
331 0.1850
82 0.1850
429 0.1849
466 0.1849
437 0.1849
529 0.1849
79 0.1849
382 0.1848
1 0.1847
229 0.1847
54 0.1845
146 0.1845
318 0.1845
27 0.1842
125 0.1840
533 0.1837
562 0.1834
530 0.1832
2751 0.1807
2694 0.1806
3215 0.1799
2841 0.1796
3078 0.1794
3363 0.1793
2690 0.1792
2679 0.1790
2839 0.1790
2715 0.1786
2927 0.1786
2913 0.1785
3033 0.1785
2786 0.1785
2867 0.1785
2906 0.1784
3383 0.1783
2986 0.1783
2759 0.1783
2698 0.1782
2925 0.1782
3174 0.1782
3050 0.1781
2969 0.1781
2905 0.1781
2862 0.1779
3054 0.1779
2835 0.1779
3387 0.1779
2754 0.1778
2706 0.1778
2667 0.1778
2723 0.1776
2858 0.1776
2897 0.1776
3326 0.1776
3149 0.1775
3065 0.1775
3085 0.1774
3119 0.1774
3249 0.1773
2729 0.1770
2954 0.1770
3294 0.1765
2771 0.1765
2669 0.1764
3190 0.1760
2961 0.1759
3093 0.1756
2801 0.1754
2846 0.1753
3337 0.1752
2687 0.1751
3109 0.1750
2878 0.1750
3209 0.1750
3013 0.1748
3349 0.1748
3402 0.1745
3323 0.1744
2997 0.1744
3194 0.1744
3235 0.1744
3058 0.1743
2990 0.1742
3094 0.1742
3429 0.1742
686 0.1741
2910 0.1740
3197 0.1739
3281 0.1738
2898 0.1737
3367 0.1737
3015 0.1736
2791 0.1736
3006 0.1735
713 0.1733
805 0.1733
745 0.1732
719 0.1732
747 0.1732
830 0.1732
823 0.1731
697 0.1731
703 0.1731
810 0.1730
819 0.1730
774 0.1730
803 0.1729
753 0.1729
769 0.1729
729 0.1728
798 0.1728
811 0.1728
825 0.1728
2915 0.1728
2877 0.1727
3425 0.1724
2966 0.1724
2755 0.1723
3099 0.1722
2689 0.1721
2810 0.1721
3195 0.1720
3022 0.1720
3339 0.1720
890 0.1720
2889 0.1720
869 0.1718
871 0.1718
889 0.1718
863 0.1717
870 0.1717
881 0.1717
885 0.1717
861 0.1717
867 0.1717
878 0.1717
879 0.1717
886 0.1717
895 0.1717
858 0.1717
866 0.1717
874 0.1717
882 0.1717
873 0.1717
887 0.1717
894 0.1717
877 0.1717
859 0.1717
875 0.1717
883 0.1717
891 0.1717
893 0.1717
3098 0.1716
3213 0.1715
3318 0.1714
3237 0.1714
3063 0.1710
2926 0.1709
3305 0.1709
3338 0.1705
3427 0.1705
3090 0.1705
3125 0.1703
2091 0.1703
2197 0.1702
2207 0.1699
3026 0.1697
3389 0.1697
2782 0.1696
2683 0.1695
2130 0.1695
2035 0.1694
2129 0.1693
2622 0.1693
1934 0.1692
2562 0.1692
2089 0.1692
3025 0.1691
3137 0.1689
2854 0.1689
2051 0.1689
2341 0.1688
2227 0.1688
2119 0.1687
2558 0.1687
2998 0.1687
2613 0.1687
2146 0.1686
2402 0.1686
2321 0.1686
2251 0.1685
2041 0.1684
2614 0.1684
2357 0.1683
2450 0.1682
2217 0.1682
2113 0.1682
2439 0.1682
2263 0.1681
2375 0.1681
2422 0.1681
2621 0.1681
2745 0.1681
2431 0.1681
2441 0.1681
3394 0.1681
2405 0.1679
2577 0.1678
1998 0.1678
2570 0.1676
2769 0.1676
2265 0.1675
3390 0.1675
1922 0.1675
2455 0.1675
2219 0.1674
2565 0.1674
2523 0.1674
2238 0.1674
2070 0.1674
2587 0.1673
2181 0.1673
2442 0.1672
2114 0.1672
2022 0.1672
2349 0.1672
2513 0.1671
1933 0.1671
2105 0.1671
2583 0.1671
1949 0.1671
2255 0.1671
2645 0.1671
1915 0.1671
2545 0.1671
1977 0.1671
2657 0.1671
2647 0.1670
3126 0.1670
3322 0.1670
2535 0.1670
2006 0.1670
2301 0.1670
2633 0.1670
1914 0.1670
1957 0.1669
2097 0.1669
2893 0.1668
2025 0.1668
2978 0.1668
2373 0.1668
2650 0.1667
2486 0.1667
2158 0.1666
3231 0.1666
2651 0.1666
1958 0.1666
2809 0.1664
1950 0.1664
2011 0.1663
1974 0.1662
2805 0.1661
2225 0.1661
2494 0.1661
249 0.1661
2027 0.1661
2807 0.1660
1991 0.1660
2515 0.1660
2837 0.1658
2337 0.1658
2639 0.1658
2013 0.1658
2435 0.1657
2050 0.1657
3333 0.1657
1961 0.1657
2505 0.1653
3030 0.1650
3317 0.1650
3269 0.1648
2014 0.1647
322 0.1637
315 0.1636
291 0.1632
130 0.1631
453 0.1630
411 0.1627
231 0.1627
2527 0.1625
30 0.1623
178 0.1622
197 0.1619
106 0.1619
213 0.1599
377 0.1594
57 0.1592
94 0.1590
53 0.1589
175 0.1586
142 0.1585
186 0.1585
169 0.1585
346 0.1584
118 0.1583
31 0.1583
161 0.1583
334 0.1582
290 0.1581
134 0.1581
51 0.1580
83 0.1580
237 0.1580
55 0.1580
158 0.1579
10 0.1579
141 0.1578
159 0.1578
299 0.1577
223 0.1577
257 0.1577
194 0.1577
22 0.1577
211 0.1576
62 0.1576
303 0.1576
345 0.1576
246 0.1576
7 0.1576
103 0.1576
3 0.1576
221 0.1575
311 0.1575
69 0.1575
133 0.1575
65 0.1575
73 0.1574
121 0.1574
294 0.1574
341 0.1574
5 0.1574
85 0.1574
123 0.1574
87 0.1574
45 0.1574
66 0.1574
238 0.1574
265 0.1574
75 0.1573
38 0.1572
270 0.1572
59 0.1572
258 0.1572
283 0.1572
127 0.1572
314 0.1572
250 0.1572
295 0.1572
338 0.1572
165 0.1571
281 0.1571
251 0.1571
29 0.1571
126 0.1571
274 0.1571
222 0.1571
129 0.1570
235 0.1570
298 0.1570
63 0.1570
393 0.1569
399 0.1569
441 0.1569
501 0.1569
117 0.1569
351 0.1569
190 0.1568
234 0.1567
4023 0.1566
4038 0.1565
347 0.1565
4002 0.1564
4013 0.1564
286 0.1564
317 0.1564
4027 0.1563
3991 0.1562
467 0.1558
499 0.1558
3426 0.1555
3417 0.1553
2890 0.1553
2738 0.1552
2919 0.1552
2909 0.1551
2943 0.1551
2777 0.1550
2866 0.1550
3362 0.1550
2750 0.1550
3142 0.1550
2757 0.1549
3226 0.1549
2827 0.1548
2806 0.1548
2911 0.1548
3293 0.1548
2763 0.1547
2974 0.1547
3433 0.1547
2773 0.1547
2874 0.1546
2994 0.1546
2741 0.1545
3257 0.1545
2717 0.1545
2743 0.1545
2873 0.1545
3250 0.1544
2815 0.1544
2945 0.1544
3073 0.1544
3301 0.1544
2749 0.1543
2850 0.1543
2985 0.1543
3166 0.1543
3029 0.1543
3114 0.1543
2681 0.1542
3129 0.1542
3023 0.1542
2673 0.1542
3435 0.1542
2993 0.1542
2705 0.1541
2666 0.1541
2761 0.1541
3158 0.1540
3243 0.1540
3234 0.1540
3047 0.1539
3202 0.1539
3399 0.1539
2887 0.1539
2746 0.1539
2931 0.1538
2929 0.1538
3135 0.1537
3123 0.1537
2907 0.1536
2731 0.1536
2981 0.1536
2977 0.1536
3014 0.1535
3303 0.1535
2953 0.1535
2794 0.1533
2821 0.1533
3238 0.1532
2766 0.1531
3286 0.1531
2987 0.1530
3430 0.1530
3042 0.1530
3095 0.1529
2891 0.1529
2967 0.1526
3163 0.1526
2663 0.1526
3414 0.1524
3193 0.1522
3325 0.1522
2695 0.1521
3315 0.1520
2917 0.1520
3153 0.1514
3105 0.1510
3227 0.1498
2975 0.1497
3309 0.1497
3401 0.1494
3175 0.1489
705 0.1484
694 0.1483
781 0.1483
827 0.1483
853 0.1483
834 0.1483
695 0.1483
815 0.1483
842 0.1482
773 0.1482
726 0.1482
766 0.1482
829 0.1482
718 0.1482
731 0.1482
687 0.1482
787 0.1482
849 0.1482
754 0.1482
847 0.1482
738 0.1482
814 0.1482
701 0.1482
739 0.1482
817 0.1482
727 0.1482
734 0.1482
770 0.1482
797 0.1482
758 0.1481
807 0.1481
835 0.1481
845 0.1481
706 0.1481
711 0.1481
755 0.1481
783 0.1481
793 0.1481
709 0.1481
777 0.1481
809 0.1481
818 0.1481
838 0.1481
762 0.1481
771 0.1481
693 0.1481
714 0.1481
737 0.1481
795 0.1481
806 0.1481
833 0.1481
839 0.1481
722 0.1481
730 0.1481
741 0.1481
765 0.1481
778 0.1481
822 0.1481
831 0.1481
843 0.1481
2670 0.1481
715 0.1481
763 0.1481
779 0.1481
782 0.1481
789 0.1481
794 0.1481
799 0.1481
2703 0.1481
723 0.1481
751 0.1481
813 0.1481
2959 0.1481
3382 0.1481
710 0.1481
742 0.1481
837 0.1481
2879 0.1481
2982 0.1481
3314 0.1481
3423 0.1481
690 0.1481
702 0.1481
725 0.1481
733 0.1481
746 0.1481
759 0.1481
786 0.1481
850 0.1481
689 0.1481
691 0.1481
707 0.1481
821 0.1481
826 0.1481
735 0.1481
761 0.1481
767 0.1481
791 0.1481
846 0.1481
721 0.1480
757 0.1480
802 0.1480
3311 0.1480
717 0.1480
743 0.1480
785 0.1480
855 0.1480
699 0.1480
749 0.1480
750 0.1480
775 0.1480
790 0.1480
851 0.1480
854 0.1480
801 0.1480
841 0.1480
3283 0.1478
2699 0.1478
2767 0.1466
242 0.1465
2834 0.1464
302 0.1463
3139 0.1463
2851 0.1462
2726 0.1461
3229 0.1461
2710 0.1460
2789 0.1452
2017 0.1448
2034 0.1448
3130 0.1446
3143 0.1441
2178 0.1440
2634 0.1439
1937 0.1438
2015 0.1438
2281 0.1430
2487 0.1430
2094 0.1429
2245 0.1429
2167 0.1429
2481 0.1429
3045 0.1429
187 0.1429
101 0.1428
3059 0.1428
254 0.1428
266 0.1428
330 0.1428
2922 0.1422
207 0.1405
191 0.1401
77 0.1401
443 0.1399
139 0.1399
2483 0.1396
2595 0.1396
206 0.1396
135 0.1394
309 0.1394
23 0.1373
19 0.1372
227 0.1371
99 0.1369
143 0.1367
177 0.1367
278 0.1367
225 0.1367
46 0.1367
86 0.1367
102 0.1367
263 0.1367
321 0.1367
183 0.1359
247 0.1356
454 0.1355
4014 0.1354
3998 0.1354
4030 0.1354
3982 0.1354
3997 0.1353
3994 0.1353
4009 0.1353
4018 0.1353
3995 0.1353
4003 0.1353
3981 0.1353
4034 0.1352
4006 0.1350
2798 0.1345
3413 0.1328
2963 0.1325
2899 0.1323
3053 0.1311
3122 0.1311
3141 0.1311
3218 0.1311
3251 0.1311
3354 0.1311
2799 0.1311
2421 0.1264
2437 0.1263
230 0.1209
41 0.1208
214 0.1208
115 0.1206
343 0.1206
17 0.1206
245 0.1206
61 0.1206
289 0.1206
155 0.1206
267 0.1205
89 0.1205
319 0.1205
174 0.1205
293 0.1205
131 0.1205
138 0.1205
35 0.1201
4021 0.1192
3986 0.1192
4017 0.1192
4019 0.1192
4026 0.1192
4037 0.1191
3985 0.1191
3993 0.1191
3999 0.1191
4005 0.1191
2861 0.1158
2902 0.1158
2930 0.1158
3131 0.1158
3181 0.1158
3271 0.1158
2106 0.1121
97 0.1077
253 0.1077
71 0.1077
307 0.1077
70 0.1077
137 0.1077
326 0.1077
111 0.1077
14 0.1077
310 0.1077
226 0.1077
337 0.1077
93 0.1077
243 0.1077
333 0.1077
151 0.1077
149 0.1076
2 0.1076
162 0.1076
262 0.1075
91 0.1075
259 0.1075
193 0.1075
157 0.1075
6 0.1075
147 0.1075
219 0.1075
95 0.1075
327 0.1074
4033 0.1064
3983 0.1064
182 0.0972
167 0.0972
279 0.0971
110 0.0970
201 0.0970
154 0.0969
78 0.0020
181 0.0020
195 0.0020
218 0.0020
273 0.0020
275 0.0020
306 0.0020
2774 0.0017
3055 0.0017
3074 0.0017
3127 0.0017
2817 0.0014
3147 0.0014
49 0.0007
179 0.0007
3990 0.0007
4007 0.0007
4025 0.0007
90 0.0004
145 0.0004
241 0.0004
255 0.0004
33 0.0003
42 0.0003
47 0.0003
301 0.0003
386 0.0003
401 0.0003
2691 0.0003
3037 0.0003
4001 0.0003
4029 0.0003
