3437 0.0098
107 0.0093
686 0.0029
414 0.0024
698 0.0017
483 0.0016
3830 0.0015
2047 0.0012
2313 0.0011
563 0.0011
475 0.0011
322 0.0011
119 0.0010
917 0.0010
713 0.0010
25 0.0010
3545 0.0010
67 0.0009
2951 0.0009
3938 0.0009
2863 0.0009
1730 0.0009
373 0.0009
1783 0.0009
277 0.0009
271 0.0009
3101 0.0009
705 0.0009
2543 0.0009
1663 0.0009
3397 0.0009
1431 0.0009
2730 0.0009
21 0.0009
1086 0.0009
26 0.0008
805 0.0008
1199 0.0008
2347 0.0008
745 0.0008
3291 0.0008
637 0.0008
513 0.0008
315 0.0008
203 0.0008
517 0.0008
122 0.0008
2742 0.0008
4023 0.0008
2133 0.0008
239 0.0008
2839 0.0008
3363 0.0008
9 0.0008
3082 0.0008
3521 0.0008
719 0.0008
1377 0.0008
23 0.0008
1126 0.0008
1621 0.0008
1085 0.0008
363 0.0008
3154 0.0007
1589 0.0007
1827 0.0007
1835 0.0007
353 0.0007
1277 0.0007
3198 0.0007
3090 0.0007
3442 0.0007
2719 0.0007
2289 0.0007
3506 0.0007
3793 0.0007
2111 0.0007
1746 0.0007
1559 0.0007
553 0.0007
1833 0.0007
2283 0.0007
3593 0.0007
497 0.0007
1577 0.0007
2754 0.0007
366 0.0007
747 0.0007
2126 0.0007
3838 0.0007
19 0.0007
2199 0.0007
3918 0.0007
3434 0.0007
41 0.0007
1471 0.0007
3426 0.0007
606 0.0007
3150 0.0007
3263 0.0007
2778 0.0007
830 0.0007
3330 0.0007
3611 0.0007
561 0.0007
3930 0.0007
422 0.0007
1941 0.0007
3851 0.0007
694 0.0007
1505 0.0007
1390 0.0007
2793 0.0007
3758 0.0007
3051 0.0007
3633 0.0007
697 0.0007
3035 0.0007
3002 0.0007
1714 0.0007
3019 0.0007
1718 0.0007
538 0.0007
1399 0.0007
823 0.0007
2661 0.0007
230 0.0007
1613 0.0007
3877 0.0007
1926 0.0007
2007 0.0007
3077 0.0007
3366 0.0007
2081 0.0007
395 0.0007
1551 0.0007
1707 0.0007
1391 0.0007
3038 0.0007
465 0.0007
3495 0.0006
781 0.0006
1078 0.0006
1813 0.0006
4030 0.0006
3998 0.0006
1211 0.0006
2966 0.0006
3302 0.0006
175 0.0006
1235 0.0006
2054 0.0006
1554 0.0006
559 0.0006
2598 0.0006
1610 0.0006
1070 0.0006
170 0.0006
2786 0.0006
98 0.0006
3906 0.0006
1839 0.0006
2087 0.0006
2117 0.0006
1459 0.0006
285 0.0006
925 0.0006
1786 0.0006
1622 0.0006
186 0.0006
567 0.0006
2333 0.0006
2901 0.0006
2877 0.0006
3233 0.0006
1014 0.0006
566 0.0006
3026 0.0006
703 0.0006
946 0.0006
1591 0.0006
1367 0.0006
3705 0.0006
3185 0.0006
1146 0.0006
651 0.0006
370 0.0006
1222 0.0006
1338 0.0006
3162 0.0006
993 0.0006
199 0.0006
1358 0.0006
2642 0.0006
3327 0.0006
2266 0.0006
2282 0.0006
3455 0.0006
3351 0.0006
3214 0.0006
3350 0.0006
374 0.0006
397 0.0006
2038 0.0006
1059 0.0006
1703 0.0006
142 0.0006
3201 0.0006
2361 0.0006
526 0.0006
2890 0.0006
3577 0.0006
853 0.0006
1185 0.0006
827 0.0006
2849 0.0006
431 0.0006
3829 0.0006
1522 0.0006
2833 0.0006
1761 0.0006
3387 0.0006
506 0.0006
1017 0.0006
2915 0.0006
579 0.0006
1945 0.0006
3342 0.0006
1361 0.0006
1238 0.0006
1447 0.0006
1573 0.0006
1366 0.0006
3629 0.0006
507 0.0006
4014 0.0006
389 0.0006
1799 0.0006
1345 0.0006
313 0.0006
1427 0.0006
1557 0.0006
1985 0.0006
3027 0.0006
3982 0.0006
3558 0.0006
2187 0.0006
3790 0.0006
3406 0.0006
3274 0.0006
2142 0.0006
169 0.0006
525 0.0006
227 0.0006
2738 0.0006
1583 0.0006
1630 0.0006
1574 0.0006
1006 0.0005
3449 0.0005
3501 0.0005
323 0.0005
3347 0.0005
438 0.0005
2683 0.0005
2510 0.0005
3971 0.0005
1329 0.0005
261 0.0005
115 0.0005
214 0.0005
1469 0.0005
2511 0.0005
1603 0.0005
325 0.0005
2781 0.0005
1107 0.0005
1879 0.0005
3599 0.0005
109 0.0005
3049 0.0005
3677 0.0005
641 0.0005
3794 0.0005
1729 0.0005
3586 0.0005
630 0.0005
1709 0.0005
1893 0.0005
391 0.0005
1509 0.0005
3107 0.0005
2679 0.0005
3087 0.0005
3617 0.0005
3690 0.0005
3966 0.0005
402 0.0005
3017 0.0005
1669 0.0005
515 0.0005
3078 0.0005
2986 0.0005
2138 0.0005
342 0.0005
171 0.0005
2102 0.0005
1322 0.0005
531 0.0005
423 0.0005
2233 0.0005
2782 0.0005
198 0.0005
3417 0.0005
514 0.0005
2327 0.0005
2509 0.0005
1467 0.0005
137 0.0005
2555 0.0005
3553 0.0005
2153 0.0005
1794 0.0005
842 0.0005
1871 0.0005
1255 0.0005
834 0.0005
695 0.0005
3353 0.0005
3345 0.0005
2419 0.0005
1173 0.0005
143 0.0005
113 0.0005
1662 0.0005
3529 0.0005
2906 0.0005
53 0.0005
3951 0.0005
3145 0.0005
3731 0.0005
118 0.0005
1331 0.0005
1598 0.0005
1793 0.0005
3113 0.0005
2149 0.0005
3321 0.0005
343 0.0005
3797 0.0005
2183 0.0005
3738 0.0005
2999 0.0005
378 0.0005
213 0.0005
815 0.0005
1717 0.0005
3267 0.0005
3179 0.0005
3921 0.0005
2129 0.0005
2558 0.0005
2669 0.0005
3033 0.0005
1687 0.0005
82 0.0005
1473 0.0005
2939 0.0005
1373 0.0005
1899 0.0005
2867 0.0005
1661 0.0005
3945 0.0005
1791 0.0005
3182 0.0005
2247 0.0005
3335 0.0005
3526 0.0005
3054 0.0005
3842 0.0005
326 0.0005
3295 0.0005
1221 0.0005
1683 0.0005
1959 0.0005
829 0.0005
2665 0.0005
2471 0.0005
3902 0.0005
1214 0.0005
3782 0.0005
3385 0.0005
1525 0.0005
3821 0.0005
1479 0.0005
3926 0.0005
542 0.0005
1867 0.0005
2526 0.0005
2927 0.0005
1570 0.0005
2174 0.0005
2461 0.0005
1175 0.0005
1742 0.0005
1159 0.0005
463 0.0005
2302 0.0005
419 0.0005
1227 0.0005
2943 0.0005
417 0.0005
3277 0.0005
437 0.0005
2223 0.0005
2397 0.0005
2659 0.0005
1334 0.0005
1675 0.0005
2049 0.0005
2869 0.0005
2755 0.0005
1757 0.0005
1250 0.0005
2491 0.0005
1993 0.0005
1462 0.0005
2218 0.0005
1243 0.0005
2894 0.0005
1549 0.0005
1902 0.0005
1831 0.0005
2325 0.0005
1347 0.0005
3722 0.0005
1823 0.0005
1153 0.0005
2410 0.0005
1335 0.0005
2542 0.0005
329 0.0005
2229 0.0005
2279 0.0005
2125 0.0005
3825 0.0005
2611 0.0005
2955 0.0005
3365 0.0005
455 0.0005
4031 0.0005
2206 0.0005
461 0.0005
49 0.0005
179 0.0005
1750 0.0005
1117 0.0005
1983 0.0005
2123 0.0005
1502 0.0005
819 0.0005
3299 0.0005
2319 0.0005
3734 0.0005
3869 0.0005
2649 0.0005
1947 0.0005
2371 0.0005
2078 0.0005
1842 0.0005
3525 0.0005
2910 0.0005
2873 0.0005
3119 0.0005
774 0.0005
1341 0.0005
2866 0.0005
1487 0.0005
810 0.0005
2694 0.0005
99 0.0005
111 0.0005
1275 0.0005
1330 0.0005
2674 0.0005
503 0.0005
1101 0.0005
3411 0.0005
2629 0.0005
3362 0.0005
2973 0.0005
573 0.0005
2131 0.0005
2463 0.0005
1861 0.0005
1282 0.0005
2602 0.0005
2507 0.0005
339 0.0005
3810 0.0005
1230 0.0005
2827 0.0005
1611 0.0005
2617 0.0005
2913 0.0005
3947 0.0005
2729 0.0005
2071 0.0005
1725 0.0005
3674 0.0005
1845 0.0005
3546 0.0005
291 0.0005
1269 0.0005
1465 0.0005
3005 0.0005
2937 0.0005
2335 0.0005
91 0.0005
259 0.0005
978 0.0005
1067 0.0005
3873 0.0005
2590 0.0005
1475 0.0005
2250 0.0005
3253 0.0005
1491 0.0005
3369 0.0005
3826 0.0005
766 0.0005
2309 0.0005
953 0.0005
3261 0.0005
1645 0.0005
773 0.0005
3662 0.0005
1495 0.0005
2607 0.0005
2909 0.0005
2750 0.0005
947 0.0005
1079 0.0005
2369 0.0005
1665 0.0005
3833 0.0005
1515 0.0005
2411 0.0005
2535 0.0005
3297 0.0005
1617 0.0005
493 0.0005
1857 0.0005
3146 0.0005
2451 0.0005
2294 0.0005
2949 0.0005
1975 0.0005
3106 0.0005
1689 0.0005
2567 0.0005
1273 0.0005
2787 0.0005
1237 0.0005
2053 0.0005
355 0.0005
3625 0.0005
2241 0.0005
3737 0.0005
1563 0.0004
3239 0.0004
2150 0.0004
1943 0.0004
654 0.0004
2073 0.0004
1946 0.0004
3538 0.0004
2231 0.0004
310 0.0004
3070 0.0004
3115 0.0004
3247 0.0004
1569 0.0004
2989 0.0004
3169 0.0004
3486 0.0004
3419 0.0004
1590 0.0004
2059 0.0004
1917 0.0004
3514 0.0004
1409 0.0004
3997 0.0004
3111 0.0004
2037 0.0004
1555 0.0004
1807 0.0004
1259 0.0004
1041 0.0004
2398 0.0004
1951 0.0004
3702 0.0004
1547 0.0004
3927 0.0004
2601 0.0004
1267 0.0004
2171 0.0004
967 0.0004
1545 0.0004
1191 0.0004
2331 0.0004
718 0.0004
1721 0.0004
726 0.0004
930 0.0004
2757 0.0004
2201 0.0004
89 0.0004
319 0.0004
1291 0.0004
2127 0.0004
1567 0.0004
3651 0.0004
3022 0.0004
3177 0.0004
1534 0.0004
2093 0.0004
921 0.0004
1231 0.0004
2586 0.0004
1962 0.0004
2118 0.0004
591 0.0004
1261 0.0004
3403 0.0004
211 0.0004
2091 0.0004
2030 0.0004
2615 0.0004
2090 0.0004
3226 0.0004
1125 0.0004
2758 0.0004
2593 0.0004
2625 0.0004
3867 0.0004
2339 0.0004
3011 0.0004
3835 0.0004
1995 0.0004
2194 0.0004
58 0.0004
1770 0.0004
966 0.0004
2275 0.0004
1482 0.0004
1938 0.0004
3605 0.0004
2169 0.0004
1637 0.0004
1666 0.0004
2594 0.0004
3105 0.0004
1741 0.0004
2414 0.0004
3331 0.0004
2946 0.0004
2351 0.0004
439 0.0004
2853 0.0004
2706 0.0004
2395 0.0004
3195 0.0004
1298 0.0004
555 0.0004
2777 0.0004
942 0.0004
3469 0.0004
2323 0.0004
2871 0.0004
3710 0.0004
3174 0.0004
2043 0.0004
2994 0.0004
1966 0.0004
2326 0.0004
1849 0.0004
2905 0.0004
2925 0.0004
2409 0.0004
1066 0.0004
2271 0.0004
2921 0.0004
1619 0.0004
2143 0.0004
2139 0.0004
2290 0.0004
1735 0.0004
2173 0.0004
3034 0.0004
2354 0.0004
787 0.0004
3753 0.0004
3962 0.0004
3725 0.0004
3743 0.0004
3490 0.0004
1370 0.0004
2862 0.0004
177 0.0004
278 0.0004
1809 0.0004
2103 0.0004
1894 0.0004
3025 0.0004
3318 0.0004
2189 0.0004
2881 0.0004
346 0.0004
1643 0.0004
3822 0.0004
1954 0.0004
3137 0.0004
3089 0.0004
3713 0.0004
3395 0.0004
1973 0.0004
1529 0.0004
2763 0.0004
3569 0.0004
1882 0.0004
1826 0.0004
2381 0.0004
849 0.0004
2806 0.0004
2045 0.0004
3378 0.0004
1979 0.0004
3339 0.0004
2039 0.0004
249 0.0004
2278 0.0004
387 0.0004
3463 0.0004
2394 0.0004
1597 0.0004
2991 0.0004
1205 0.0004
4009 0.0004
1189 0.0004
2069 0.0004
2033 0.0004
2203 0.0004
3207 0.0004
2582 0.0004
2107 0.0004
2338 0.0004
1927 0.0004
3907 0.0004
1021 0.0004
3117 0.0004
1029 0.0004
3287 0.0004
2553 0.0004
2597 0.0004
2550 0.0004
2538 0.0004
1971 0.0004
3001 0.0004
523 0.0004
1305 0.0004
2421 0.0004
3994 0.0004
1302 0.0004
1702 0.0004
1919 0.0004
2689 0.0004
3590 0.0004
2322 0.0004
359 0.0004
13 0.0004
2698 0.0004
2190 0.0004
2537 0.0004
2670 0.0004
687 0.0004
2317 0.0004
1886 0.0004
1426 0.0004
557 0.0004
3933 0.0004
3518 0.0004
3986 0.0004
3774 0.0004
3433 0.0004
1166 0.0004
545 0.0004
1158 0.0004
1113 0.0004
1083 0.0004
2865 0.0004
2341 0.0004
1171 0.0004
3391 0.0004
2711 0.0004
1866 0.0004
1806 0.0004
2950 0.0004
1530 0.0004
3542 0.0004
2643 0.0004
369 0.0004
3711 0.0004
3346 0.0004
2001 0.0004
2246 0.0004
2841 0.0004
31 0.0004
3571 0.0004
1909 0.0004
3219 0.0004
2365 0.0004
3475 0.0004
2006 0.0004
14 0.0004
242 0.0004
2993 0.0004
957 0.0004
3149 0.0004
2031 0.0004
1483 0.0004
2630 0.0004
1837 0.0004
3511 0.0004
2810 0.0004
1217 0.0004
847 0.0004
3265 0.0004
2475 0.0004
1110 0.0004
1435 0.0004
3534 0.0004
3062 0.0004
4021 0.0004
2889 0.0004
2655 0.0004
2434 0.0004
3325 0.0004
2911 0.0004
3114 0.0004
2377 0.0004
754 0.0004
2374 0.0004
2061 0.0004
527 0.0004
3714 0.0004
3949 0.0004
2619 0.0004
2154 0.0004
619 0.0004
161 0.0004
1533 0.0004
3505 0.0004
3073 0.0004
2969 0.0004
2363 0.0004
3747 0.0004
2533 0.0004
1003 0.0004
2273 0.0004
2211 0.0004
738 0.0004
2741 0.0004
3443 0.0004
2559 0.0004
1955 0.0004
1307 0.0004
2638 0.0004
2254 0.0004
731 0.0004
2919 0.0004
941 0.0004
3721 0.0004
3759 0.0004
2498 0.0004
1691 0.0004
3931 0.0004
2578 0.0004
3293 0.0004
1149 0.0004
3549 0.0004
3466 0.0004
3386 0.0004
770 0.0004
2657 0.0004
3559 0.0004
2551 0.0004
771 0.0004
3158 0.0004
2675 0.0004
1283 0.0004
3803 0.0004
1642 0.0004
2423 0.0004
653 0.0004
3687 0.0004
3957 0.0004
1778 0.0004
1935 0.0004
2785 0.0004
334 0.0004
833 0.0004
3097 0.0004
1639 0.0004
1609 0.0004
2257 0.0004
3499 0.0004
1122 0.0004
1881 0.0004
1923 0.0004
1337 0.0004
1810 0.0004
1699 0.0004
862 0.0004
1685 0.0004
1246 0.0004
2645 0.0004
1369 0.0004
1565 0.0004
2446 0.0004
3355 0.0004
3258 0.0004
1898 0.0004
3081 0.0004
1623 0.0004
231 0.0004
2875 0.0004
1155 0.0004
734 0.0004
3791 0.0004
609 0.0004
1998 0.0004
2458 0.0004
954 0.0004
2074 0.0004
3635 0.0004
219 0.0004
1258 0.0004
2703 0.0004
3719 0.0004
62 0.0004
1051 0.0004
3858 0.0004
3706 0.0004
3098 0.0004
2095 0.0004
997 0.0004
1349 0.0004
2035 0.0004
1099 0.0004
265 0.0004
3381 0.0004
481 0.0004
995 0.0004
1819 0.0004
2334 0.0004
1715 0.0004
225 0.0004
1733 0.0004
2482 0.0004
2005 0.0004
2002 0.0004
1918 0.0004
2753 0.0004
2861 0.0004
2121 0.0004
1986 0.0004
1634 0.0004
2370 0.0004
2253 0.0004
2267 0.0004
185 0.0004
1271 0.0004
2718 0.0004
1910 0.0004
885 0.0004
3118 0.0004
2647 0.0004
2914 0.0004
173 0.0004
1371 0.0004
2497 0.0004
3141 0.0004
2549 0.0004
2931 0.0004
1970 0.0004
739 0.0004
714 0.0004
223 0.0004
2299 0.0004
3609 0.0004
1895 0.0004
1097 0.0004
1862 0.0004
913 0.0004
3870 0.0004
3757 0.0004
1423 0.0004
3473 0.0004
1413 0.0004
2813 0.0004
2026 0.0004
1991 0.0004
2561 0.0004
1118 0.0004
3191 0.0004
2342 0.0004
1026 0.0004
2474 0.0004
2042 0.0004
3750 0.0004
4038 0.0004
4017 0.0004
2654 0.0004
806 0.0004
2773 0.0004
2690 0.0004
839 0.0004
1179 0.0004
814 0.0004
727 0.0004
2159 0.0004
2161 0.0004
2734 0.0004
547 0.0004
1507 0.0004
3898 0.0004
546 0.0004
3303 0.0004
3693 0.0004
990 0.0004
3679 0.0004
3309 0.0004
3557 0.0004
4026 0.0004
578 0.0004
583 0.0004
627 0.0004
658 0.0004
659 0.0004
662 0.0004
670 0.0004
2570 0.0004
3634 0.0004
818 0.0004
2958 0.0004
1789 0.0004
3701 0.0004
17 0.0004
1165 0.0004
3779 0.0004
7 0.0004
2666 0.0004
149 0.0004
2974 0.0004
2765 0.0004
302 0.0004
2146 0.0004
3010 0.0004
1511 0.0004
1593 0.0004
3510 0.0004
1758 0.0004
3231 0.0004
2134 0.0004
2202 0.0004
817 0.0004
2945 0.0004
367 0.0004
2359 0.0004
3841 0.0004
889 0.0004
3519 0.0004
2399 0.0004
1339 0.0004
434 0.0004
2018 0.0004
141 0.0004
2430 0.0004
2235 0.0004
2959 0.0004
2063 0.0004
3718 0.0004
2774 0.0004
3055 0.0004
3127 0.0004
3074 0.0004
1019 0.0004
1911 0.0004
1163 0.0004
1425 0.0004
1082 0.0004
1671 0.0004
3509 0.0004
1795 0.0004
238 0.0004
1049 0.0004
1129 0.0004
3643 0.0004
1359 0.0004
2573 0.0004
430 0.0004
3909 0.0004
2575 0.0004
897 0.0004
1929 0.0004
226 0.0004
2610 0.0004
1766 0.0004
1914 0.0004
361 0.0004
3861 0.0004
901 0.0004
94 0.0004
3251 0.0004
2433 0.0004
2083 0.0004
797 0.0004
1449 0.0004
3053 0.0004
3122 0.0004
3218 0.0004
3354 0.0004
3382 0.0004
3730 0.0004
963 0.0004
1037 0.0004
2145 0.0004
2495 0.0004
2122 0.0004
2521 0.0004
645 0.0004
3142 0.0004
3535 0.0004
2546 0.0004
158 0.0004
1323 0.0004
2618 0.0004
3554 0.0003
1102 0.0003
1018 0.0003
3021 0.0003
677 0.0003
1605 0.0003
1787 0.0003
2378 0.0003
903 0.0003
101 0.0003
3102 0.0003
1825 0.0003
625 0.0003
3086 0.0003
2985 0.0003
678 0.0003
3555 0.0003
1242 0.0003
3066 0.0003
1318 0.0003
1751 0.0003
2743 0.0003
615 0.0003
675 0.0003
599 0.0003
2983 0.0003
299 0.0003
643 0.0003
661 0.0003
577 0.0003
681 0.0003
1327 0.0003
3221 0.0003
2321 0.0003
1181 0.0003
1010 0.0003
927 0.0003
1215 0.0003
1415 0.0003
3029 0.0003
2191 0.0003
354 0.0003
617 0.0003
2406 0.0003
2345 0.0003
1655 0.0003
3341 0.0003
2151 0.0003
2062 0.0003
3465 0.0003
3579 0.0003
3837 0.0003
3969 0.0003
1183 0.0003
1798 0.0003
3886 0.0003
1303 0.0003
1470 0.0003
597 0.0003
1753 0.0003
3206 0.0003
3642 0.0003
3435 0.0003
975 0.0003
1226 0.0003
1333 0.0003
2010 0.0003
915 0.0003
2101 0.0003
729 0.0003
618 0.0003
1290 0.0003
2485 0.0003
2739 0.0003
3394 0.0003
1626 0.0003
3275 0.0003
1123 0.0003
458 0.0003
1109 0.0003
3831 0.0003
1587 0.0003
2386 0.0003
1009 0.0003
1706 0.0003
2135 0.0003
2539 0.0003
2815 0.0003
1553 0.0003
3850 0.0003
2022 0.0003
2281 0.0003
2487 0.0003
2583 0.0003
3259 0.0003
570 0.0003
33 0.0003
42 0.0003
47 0.0003
78 0.0003
181 0.0003
195 0.0003
218 0.0003
273 0.0003
275 0.0003
301 0.0003
306 0.0003
386 0.0003
401 0.0003
2691 0.0003
3037 0.0003
3990 0.0003
4001 0.0003
4007 0.0003
4025 0.0003
4029 0.0003
3187 0.0003
6 0.0003
147 0.0003
1257 0.0003
2633 0.0003
934 0.0003
3283 0.0003
3562 0.0003
3613 0.0003
3649 0.0003
3695 0.0003
3883 0.0003
3479 0.0003
3314 0.0003
3046 0.0003
95 0.0003
2297 0.0003
2115 0.0003
769 0.0003
822 0.0003
1374 0.0003
3423 0.0003
2086 0.0003
2646 0.0003
3178 0.0003
2589 0.0003
1673 0.0003
471 0.0003
2623 0.0003
3707 0.0003
650 0.0003
2301 0.0003
701 0.0003
1047 0.0003
2041 0.0003
3981 0.0003
3438 0.0003
4019 0.0003
1289 0.0003
3863 0.0003
2343 0.0003
3989 0.0003
3587 0.0003
1659 0.0003
582 0.0003
635 0.0003
337 0.0003
2879 0.0003
3211 0.0003
3478 0.0003
3257 0.0003
2307 0.0003
2982 0.0003
2226 0.0003
3881 0.0003
510 0.0003
2662 0.0003
1705 0.0003
1891 0.0003
1765 0.0003
1454 0.0003
489 0.0003
2027 0.0003
2627 0.0003
1803 0.0003
2603 0.0003
1075 0.0003
2417 0.0003
1378 0.0003
1001 0.0003
2357 0.0003
1601 0.0003
2978 0.0003
1098 0.0003
2459 0.0003
3471 0.0003
669 0.0003
2286 0.0003
1405 0.0003
1523 0.0003
2970 0.0003
303 0.0003
3786 0.0003
1379 0.0003
1210 0.0003
3891 0.0003
2501 0.0003
1997 0.0003
3761 0.0003
1446 0.0003
3454 0.0003
2717 0.0003
758 0.0003
2775 0.0003
1767 0.0003
3422 0.0003
4027 0.0003
498 0.0003
3203 0.0003
870 0.0003
537 0.0003
2715 0.0003
3975 0.0003
2109 0.0003
1535 0.0003
194 0.0003
2874 0.0003
753 0.0003
197 0.0003
254 0.0003
2329 0.0003
1343 0.0003
881 0.0003
2225 0.0003
3917 0.0003
1863 0.0003
3739 0.0003
3255 0.0003
393 0.0003
441 0.0003
501 0.0003
399 0.0003
1317 0.0003
1737 0.0003
3915 0.0003
1538 0.0003
589 0.0003
3595 0.0003
2770 0.0003
3079 0.0003
1785 0.0003
1182 0.0003
3809 0.0003
2749 0.0003
457 0.0003
3567 0.0003
297 0.0003
1939 0.0003
127 0.0003
2009 0.0003
1309 0.0003
595 0.0003
867 0.0003
1170 0.0003
2447 0.0003
3481 0.0003
3523 0.0003
1889 0.0003
2467 0.0003
3943 0.0003
2469 0.0003
2367 0.0003
1763 0.0003
3273 0.0003
1433 0.0003
3623 0.0003
3601 0.0003
1198 0.0003
1 0.0003
469 0.0003
2478 0.0003
1074 0.0003
1686 0.0003
3279 0.0003
906 0.0003
1421 0.0003
3285 0.0003
1694 0.0003
2854 0.0003
1790 0.0003
2506 0.0003
3578 0.0003
2214 0.0003
1453 0.0003
281 0.0003
835 0.0003
1615 0.0003
2346 0.0003
1782 0.0003
845 0.0003
2315 0.0003
3591 0.0003
605 0.0003
2587 0.0003
1494 0.0003
539 0.0003
1595 0.0003
3047 0.0003
1355 0.0003
1847 0.0003
3018 0.0003
2011 0.0003
1135 0.0003
789 0.0003
2261 0.0003
3181 0.0003
2902 0.0003
2930 0.0003
3131 0.0003
2799 0.0003
1957 0.0003
1142 0.0003
2077 0.0003
519 0.0003
2237 0.0003
2089 0.0003
1921 0.0003
2585 0.0003
3866 0.0003
1106 0.0003
1897 0.0003
2823 0.0003
453 0.0003
345 0.0003
2829 0.0003
807 0.0003
1925 0.0003
1953 0.0003
683 0.0003
3698 0.0003
1437 0.0003
2751 0.0003
2445 0.0003
1429 0.0003
1281 0.0003
2962 0.0003
518 0.0003
871 0.0003
3474 0.0003
1539 0.0003
793 0.0003
2897 0.0003
130 0.0003
1393 0.0003
1878 0.0003
1274 0.0003
2165 0.0003
1137 0.0003
1114 0.0003
2626 0.0003
3823 0.0003
1319 0.0003
3085 0.0003
331 0.0003
3498 0.0003
2499 0.0003
594 0.0003
2663 0.0003
473 0.0003
2929 0.0003
3789 0.0003
3065 0.0003
2085 0.0003
1649 0.0003
3670 0.0003
1131 0.0003
782 0.0003
3459 0.0003
3531 0.0003
3573 0.0003
982 0.0003
647 0.0003
3995 0.0003
2653 0.0003
3446 0.0003
3675 0.0003
3415 0.0003
2438 0.0003
1229 0.0003
711 0.0003
1402 0.0003
783 0.0003
1647 0.0003
3967 0.0003
999 0.0003
1209 0.0003
1543 0.0003
1225 0.0003
1614 0.0003
1541 0.0003
614 0.0003
3458 0.0003
1130 0.0003
1513 0.0003
187 0.0003
479 0.0003
2693 0.0003
2094 0.0003
1314 0.0003
3527 0.0003
1419 0.0003
3819 0.0003
1357 0.0003
266 0.0003
3855 0.0003
3485 0.0003
357 0.0003
3903 0.0003
2681 0.0003
1382 0.0003
2631 0.0003
131 0.0003
2034 0.0003
3497 0.0003
3657 0.0003
2817 0.0003
3147 0.0003
1514 0.0003
2494 0.0003
3238 0.0003
2713 0.0003
902 0.0003
3950 0.0003
1722 0.0003
962 0.0003
3594 0.0003
863 0.0003
898 0.0003
3278 0.0003
1299 0.0003
3602 0.0003
3874 0.0003
3773 0.0003
857 0.0003
2997 0.0003
2795 0.0003
193 0.0003
3894 0.0003
1858 0.0003
2318 0.0003
1667 0.0003
1811 0.0003
3645 0.0003
4018 0.0003
755 0.0003
3173 0.0003
398 0.0003
1138 0.0003
1493 0.0003
1351 0.0003
59 0.0003
1841 0.0003
3491 0.0003
2658 0.0003
2046 0.0003
2579 0.0003
1011 0.0003
3014 0.0003
1375 0.0003
2702 0.0003
1851 0.0003
2418 0.0003
93 0.0003
3313 0.0003
178 0.0003
2366 0.0003
551 0.0003
333 0.0003
1531 0.0003
971 0.0003
3862 0.0003
938 0.0003
2477 0.0003
1743 0.0003
1931 0.0003
2259 0.0003
1990 0.0003
981 0.0003
665 0.0003
1903 0.0003
1245 0.0003
2243 0.0003
2489 0.0003
2023 0.0003
3075 0.0003
2097 0.0003
1167 0.0003
1677 0.0003
3802 0.0003
2783 0.0003
2534 0.0003
2563 0.0003
2870 0.0003
39 0.0003
2403 0.0003
3847 0.0003
1207 0.0003
2667 0.0003
2650 0.0003
554 0.0003
2098 0.0003
3139 0.0003
1850 0.0003
879 0.0003
1582 0.0003
251 0.0003
409 0.0003
838 0.0003
29 0.0003
2306 0.0003
474 0.0003
1727 0.0003
123 0.0003
1497 0.0003
3845 0.0003
1859 0.0003
3470 0.0003
2745 0.0003
2 0.0003
487 0.0003
1695 0.0003
3166 0.0003
3301 0.0003
895 0.0003
706 0.0003
2314 0.0003
623 0.0003
1994 0.0003
403 0.0003
1873 0.0003
2835 0.0003
1653 0.0003
3186 0.0003
1679 0.0003
1958 0.0003
1410 0.0003
3581 0.0003
1681 0.0003
2462 0.0003
3655 0.0003
1315 0.0003
803 0.0003
603 0.0003
2337 0.0003
2207 0.0003
809 0.0003
394 0.0003
2473 0.0003
3618 0.0003
482 0.0003
2017 0.0003
3439 0.0003
3799 0.0003
3298 0.0003
330 0.0003
2639 0.0003
3138 0.0003
3307 0.0003
1561 0.0003
2197 0.0003
2887 0.0003
2242 0.0003
3639 0.0003
3919 0.0003
1219 0.0003
3646 0.0003
1781 0.0003
3377 0.0003
1313 0.0003
3715 0.0003
2437 0.0003
2581 0.0003
3402 0.0003
3213 0.0003
777 0.0003
2349 0.0003
3615 0.0003
1406 0.0003
3483 0.0003
3533 0.0003
1877 0.0003
133 0.0003
1726 0.0003
983 0.0003
1585 0.0003
709 0.0003
2843 0.0003
2886 0.0003
2170 0.0003
2385 0.0003
2217 0.0003
2846 0.0003
3493 0.0003
2025 0.0003
1779 0.0003
2210 0.0003
3123 0.0003
2699 0.0003
3857 0.0003
795 0.0003
450 0.0003
1635 0.0003
991 0.0003
2805 0.0003
1287 0.0003
2181 0.0003
3042 0.0003
3663 0.0003
1965 0.0003
1981 0.0003
874 0.0003
2574 0.0003
1450 0.0003
958 0.0003
3083 0.0003
134 0.0003
3979 0.0003
418 0.0003
421 0.0003
2851 0.0003
351 0.0003
3234 0.0003
3778 0.0003
1321 0.0003
257 0.0003
3383 0.0003
245 0.0003
2614 0.0003
3610 0.0003
1457 0.0003
2213 0.0003
3245 0.0003
1279 0.0003
1503 0.0003
1571 0.0003
350 0.0003
3487 0.0003
3374 0.0003
2157 0.0003
3561 0.0003
2486 0.0003
1606 0.0003
2215 0.0003
2934 0.0003
2429 0.0003
3741 0.0003
415 0.0003
2222 0.0003
1127 0.0003
1550 0.0003
2285 0.0003
2425 0.0003
1190 0.0003
1682 0.0003
451 0.0003
90 0.0003
145 0.0003
241 0.0003
255 0.0003
2527 0.0003
2155 0.0003
2809 0.0003
3621 0.0003
425 0.0003
886 0.0003
3337 0.0003
601 0.0003
2622 0.0003
3135 0.0003
1846 0.0003
3667 0.0003
3703 0.0003
4002 0.0003
3225 0.0003
2443 0.0003
2935 0.0003
2003 0.0003
3061 0.0003
1566 0.0003
3697 0.0003
1187 0.0003
2405 0.0003
3685 0.0003
1999 0.0003
3 0.0003
685 0.0003
878 0.0003
3923 0.0003
969 0.0003
2547 0.0003
1213 0.0003
598 0.0003
2198 0.0003
3517 0.0003
762 0.0003
1629 0.0003
977 0.0003
1197 0.0003
3735 0.0003
3815 0.0003
1195 0.0003
3630 0.0003
470 0.0003
4013 0.0003
3566 0.0003
1499 0.0003
2731 0.0003
3237 0.0003
3379 0.0003
1177 0.0003
182 0.0003
2686 0.0003
3682 0.0003
1363 0.0003
1818 0.0003
2938 0.0003
1754 0.0003
2726 0.0003
407 0.0003
2933 0.0003
1311 0.0003
167 0.0003
1325 0.0003
486 0.0003
1625 0.0003
87 0.0003
933 0.0003
543 0.0003
2245 0.0003
2789 0.0003
3783 0.0003
3937 0.0003
3319 0.0003
3530 0.0003
86 0.0003
3041 0.0003
155 0.0003
121 0.0003
1035 0.0003
3023 0.0003
2058 0.0003
3769 0.0003
2450 0.0003
3627 0.0003
362 0.0003
1638 0.0003
243 0.0003
1389 0.0003
939 0.0003
1674 0.0003
951 0.0003
3550 0.0003
2503 0.0003
81 0.0003
1578 0.0003
2761 0.0003
737 0.0002
2401 0.0002
2439 0.0002
2119 0.0002
1451 0.0002
2566 0.0002
1734 0.0002
949 0.0002
55 0.0002
622 0.0002
3223 0.0002
2762 0.0002
2390 0.0002
3585 0.0002
3814 0.0002
2926 0.0002
269 0.0002
2591 0.0002
3361 0.0002
1121 0.0002
866 0.0002
1350 0.0002
2179 0.0002
3311 0.0002
861 0.0002
3450 0.0002
1306 0.0002
3399 0.0002
2209 0.0002
1201 0.0002
970 0.0002
994 0.0002
3541 0.0002
1247 0.0002
1890 0.0002
666 0.0002
682 0.0002
2557 0.0002
1441 0.0002
3515 0.0002
2453 0.0002
1174 0.0002
989 0.0002
2807 0.0002
1015 0.0002
2525 0.0002
611 0.0002
1738 0.0002
1438 0.0002
1033 0.0002
2391 0.0002
2977 0.0002
2677 0.0002
1719 0.0002
3329 0.0002
2465 0.0002
3726 0.0002
2858 0.0002
3129 0.0002
2479 0.0002
3895 0.0002
445 0.0002
1698 0.0002
1310 0.0002
3013 0.0002
150 0.0002
634 0.0002
1773 0.0002
2845 0.0002
3110 0.0002
3671 0.0002
2577 0.0002
258 0.0002
3785 0.0002
730 0.0002
3659 0.0002
2819 0.0002
3901 0.0002
3189 0.0002
1907 0.0002
3547 0.0002
3241 0.0002
742 0.0002
3551 0.0002
1054 0.0002
813 0.0002
3157 0.0002
858 0.0002
1161 0.0002
2407 0.0002
3103 0.0002
3963 0.0002
1774 0.0002
509 0.0002
1218 0.0002
2075 0.0002
2353 0.0002
30 0.0002
2277 0.0002
693 0.0002
2518 0.0002
702 0.0002
2554 0.0002
2907 0.0002
741 0.0002
2837 0.0002
3482 0.0002
1978 0.0002
3222 0.0002
2822 0.0002
955 0.0002
3563 0.0002
97 0.0002
253 0.0002
3507 0.0002
798 0.0002
2759 0.0002
1650 0.0002
3961 0.0002
2637 0.0002
1025 0.0002
2562 0.0002
2029 0.0002
1885 0.0002
778 0.0002
3574 0.0002
1963 0.0002
3462 0.0002
2435 0.0002
2797 0.0002
959 0.0002
2490 0.0002
2293 0.0002
3622 0.0002
2238 0.0002
831 0.0002
159 0.0002
1989 0.0002
2953 0.0002
2426 0.0002
1294 0.0002
2402 0.0002
3723 0.0002
626 0.0002
495 0.0002
722 0.0002
3683 0.0002
2113 0.0002
3155 0.0002
1285 0.0002
922 0.0002
1266 0.0002
65 0.0002
3763 0.0002
2979 0.0002
3751 0.0002
725 0.0002
2513 0.0002
1186 0.0002
1723 0.0002
3431 0.0002
1875 0.0002
2379 0.0002
919 0.0002
1641 0.0002
909 0.0002
1043 0.0002
746 0.0002
1081 0.0002
3913 0.0002
3262 0.0002
2239 0.0002
103 0.0002
1961 0.0002
2137 0.0002
1843 0.0002
763 0.0002
1077 0.0002
3294 0.0002
51 0.0002
83 0.0002
237 0.0002
2502 0.0002
1815 0.0002
973 0.0002
3425 0.0002
511 0.0002
3539 0.0002
3766 0.0002
779 0.0002
3934 0.0002
633 0.0002
2483 0.0002
2595 0.0002
765 0.0002
799 0.0002
2830 0.0002
1485 0.0002
2825 0.0002
3326 0.0002
631 0.0002
2523 0.0002
2455 0.0002
2050 0.0002
1115 0.0002
3905 0.0002
3209 0.0002
1801 0.0002
3007 0.0002
1013 0.0002
3583 0.0002
1537 0.0002
426 0.0002
3167 0.0002
314 0.0002
2415 0.0002
843 0.0002
3063 0.0002
2110 0.0002
882 0.0002
2387 0.0002
1030 0.0002
3250 0.0002
979 0.0002
1542 0.0002
3095 0.0002
1633 0.0002
105 0.0002
3762 0.0002
73 0.0002
3057 0.0002
3929 0.0002
102 0.0002
263 0.0002
5 0.0002
1241 0.0002
558 0.0002
3871 0.0002
246 0.0002
71 0.0002
307 0.0002
274 0.0002
2883 0.0002
2221 0.0002
1922 0.0002
1095 0.0002
1387 0.0002
3421 0.0002
3215 0.0002
50 0.0002
2803 0.0002
873 0.0002
887 0.0002
327 0.0002
477 0.0002
462 0.0002
85 0.0002
2850 0.0002
1062 0.0002
3430 0.0002
2818 0.0002
3193 0.0002
2167 0.0002
1478 0.0002
2330 0.0002
66 0.0002
46 0.0002
786 0.0002
1202 0.0002
3889 0.0002
2162 0.0002
2735 0.0002
446 0.0002
2987 0.0002
794 0.0002
3771 0.0002
1915 0.0002
3009 0.0002
1747 0.0002
3887 0.0002
3373 0.0002
1398 0.0002
2779 0.0002
2701 0.0002
2055 0.0002
1906 0.0002
3043 0.0002
1055 0.0002
1178 0.0002
2947 0.0002
1870 0.0002
4003 0.0002
1407 0.0002
3126 0.0002
3322 0.0002
413 0.0002
2609 0.0002
1293 0.0002
2771 0.0002
3170 0.0002
3289 0.0002
3405 0.0002
723 0.0002
707 0.0002
890 0.0002
3338 0.0002
3427 0.0002
3749 0.0002
1139 0.0002
1381 0.0002
110 0.0002
201 0.0002
3410 0.0002
3205 0.0002
2687 0.0002
1489 0.0002
3039 0.0002
166 0.0002
135 0.0002
309 0.0002
3727 0.0002
2529 0.0002
1526 0.0002
3409 0.0002
3818 0.0002
2918 0.0002
1678 0.0002
3359 0.0002
2859 0.0002
1045 0.0002
2051 0.0002
3985 0.0002
811 0.0002
3502 0.0002
1987 0.0002
3638 0.0002
3647 0.0002
715 0.0002
2737 0.0002
3754 0.0002
3745 0.0002
2954 0.0002
1458 0.0002
1930 0.0002
689 0.0002
3767 0.0002
1418 0.0002
162 0.0002
3503 0.0002
1481 0.0002
3229 0.0002
3598 0.0002
2606 0.0002
691 0.0002
3958 0.0002
4011 0.0002
905 0.0002
1111 0.0002
3993 0.0002
894 0.0002
574 0.0002
22 0.0002
1234 0.0002
2831 0.0002
549 0.0002
3050 0.0002
1517 0.0002
3654 0.0002
1745 0.0002
3249 0.0002
1646 0.0002
590 0.0002
3775 0.0002
1658 0.0002
1365 0.0002
3343 0.0002
3806 0.0002
139 0.0002
2449 0.0002
494 0.0002
3286 0.0002
1169 0.0002
3199 0.0002
1223 0.0002
290 0.0002
1403 0.0002
733 0.0002
1822 0.0002
961 0.0002
1518 0.0002
2106 0.0002
3171 0.0002
646 0.0002
1575 0.0002
3243 0.0002
2923 0.0002
54 0.0002
146 0.0002
2707 0.0002
751 0.0002
3477 0.0002
2710 0.0002
850 0.0002
2099 0.0002
2515 0.0002
3163 0.0002
1829 0.0002
2673 0.0002
1193 0.0002
2057 0.0002
931 0.0002
757 0.0002
2685 0.0002
1134 0.0002
3371 0.0002
522 0.0002
505 0.0002
75 0.0002
1286 0.0002
3210 0.0002
2967 0.0002
1141 0.0002
3401 0.0002
381 0.0002
2263 0.0002
1739 0.0002
1385 0.0002
3069 0.0002
1519 0.0002
565 0.0002
45 0.0002
3770 0.0002
3543 0.0002
2705 0.0002
2733 0.0002
383 0.0002
38 0.0002
3390 0.0002
2193 0.0002
490 0.0002
3393 0.0002
3878 0.0002
1562 0.0002
3641 0.0002
914 0.0002
1042 0.0002
3306 0.0002
1618 0.0002
1251 0.0002
837 0.0002
61 0.0002
3925 0.0002
2821 0.0002
2141 0.0002
575 0.0002
1883 0.0002
318 0.0002
1089 0.0002
3522 0.0002
3269 0.0002
2794 0.0002
2287 0.0002
2891 0.0002
663 0.0002
341 0.0002
3242 0.0002
1594 0.0002
2981 0.0002
3658 0.0002
3899 0.0002
1278 0.0002
2697 0.0002
3290 0.0002
2291 0.0002
3607 0.0002
869 0.0002
3246 0.0002
639 0.0002
382 0.0002
2965 0.0002
459 0.0002
2389 0.0002
3941 0.0002
2274 0.0002
3669 0.0002
3813 0.0002
3911 0.0002
1434 0.0002
2355 0.0002
2769 0.0002
3441 0.0002
3742 0.0002
3954 0.0002
534 0.0002
427 0.0002
2362 0.0002
710 0.0002
3067 0.0002
69 0.0002
1090 0.0002
1023 0.0002
429 0.0002
466 0.0002
3614 0.0002
2834 0.0002
3626 0.0002
1007 0.0002
222 0.0002
2641 0.0002
165 0.0002
767 0.0002
3151 0.0002
2747 0.0002
2147 0.0002
535 0.0002
1749 0.0002
2766 0.0002
202 0.0002
2961 0.0002
1150 0.0002
2373 0.0002
1249 0.0002
3093 0.0002
3817 0.0002
2082 0.0002
433 0.0002
3777 0.0002
3637 0.0002
1869 0.0002
174 0.0002
293 0.0002
3194 0.0002
1905 0.0002
2957 0.0002
587 0.0002
2186 0.0002
2519 0.0002
2847 0.0002
2227 0.0002
57 0.0002
3859 0.0002
289 0.0002
3827 0.0002
2466 0.0002
1265 0.0002
759 0.0002
1397 0.0002
1599 0.0002
1830 0.0002
1982 0.0002
2723 0.0002
2941 0.0002
3606 0.0002
2838 0.0002
3003 0.0002
189 0.0002
217 0.0002
435 0.0002
791 0.0002
405 0.0002
1445 0.0002
2826 0.0002
3254 0.0002
1005 0.0002
2995 0.0002
229 0.0002
2709 0.0002
877 0.0002
2255 0.0002
1805 0.0002
1817 0.0002
3631 0.0002
3843 0.0002
1050 0.0002
3999 0.0002
4005 0.0002
3666 0.0002
117 0.0002
3130 0.0002
3445 0.0002
923 0.0002
2571 0.0002
3970 0.0002
1901 0.0002
657 0.0002
3755 0.0002
3681 0.0002
2634 0.0002
77 0.0002
129 0.0002
79 0.0002
10 0.0002
1769 0.0002
1838 0.0002
3109 0.0002
163 0.0002
1934 0.0002
2682 0.0002
1701 0.0002
965 0.0002
2651 0.0002
629 0.0002
106 0.0002
3357 0.0002
2393 0.0002
1154 0.0002
3447 0.0002
454 0.0002
3939 0.0002
1501 0.0002
1942 0.0002
1297 0.0002
151 0.0002
569 0.0002
690 0.0002
529 0.0002
3045 0.0002
2114 0.0002
3398 0.0002
1802 0.0002
2130 0.0002
3914 0.0002
2885 0.0002
2422 0.0002
1602 0.0002
1053 0.0002
2990 0.0002
410 0.0002
2530 0.0002
1094 0.0002
3991 0.0002
491 0.0002
2158 0.0002
157 0.0002
950 0.0002
846 0.0002
2893 0.0002
1821 0.0002
2767 0.0002
286 0.0002
221 0.0002
2621 0.0002
1974 0.0002
502 0.0002
1143 0.0002
2067 0.0002
295 0.0002
3414 0.0002
1933 0.0002
2311 0.0002
679 0.0002
2531 0.0002
1046 0.0002
1194 0.0002
1586 0.0002
3461 0.0002
3190 0.0002
375 0.0002
478 0.0002
2671 0.0002
2721 0.0002
3091 0.0002
826 0.0002
3890 0.0002
3953 0.0002
2882 0.0002
2725 0.0002
621 0.0002
2375 0.0002
2163 0.0002
2070 0.0002
3665 0.0002
1486 0.0002
2166 0.0002
2791 0.0002
3099 0.0002
3781 0.0002
3946 0.0002
717 0.0002
855 0.0002
2258 0.0002
3310 0.0002
1162 0.0002
347 0.0002
3266 0.0002
821 0.0002
3153 0.0002
3787 0.0002
2251 0.0002
649 0.0002
2270 0.0002
2895 0.0002
1087 0.0002
3834 0.0002
1731 0.0002
1814 0.0002
3565 0.0002
2310 0.0002
1654 0.0002
802 0.0002
2105 0.0002
2678 0.0002
2234 0.0002
3513 0.0002
2801 0.0002
1461 0.0002
3977 0.0002
190 0.0002
2249 0.0002
2303 0.0002
1091 0.0002
3315 0.0002
2727 0.0002
3801 0.0002
3795 0.0002
926 0.0002
3058 0.0002
3389 0.0002
1073 0.0002
3271 0.0002
3678 0.0002
3334 0.0002
1937 0.0002
2015 0.0002
3661 0.0002
3349 0.0002
2802 0.0002
3358 0.0002
3965 0.0002
317 0.0001
1477 0.0001
586 0.0001
3733 0.0001
3849 0.0001
3015 0.0001
1002 0.0001
1027 0.0001
1105 0.0001
1627 0.0001
3159 0.0001
443 0.0001
3537 0.0001
1949 0.0001
1039 0.0001
2265 0.0001
2350 0.0001
2917 0.0001
2505 0.0001
1133 0.0001
986 0.0001
2903 0.0001
1913 0.0001
929 0.0001
3457 0.0001
1950 0.0001
338 0.0001
377 0.0001
3281 0.0001
4037 0.0001
1439 0.0001
321 0.0001
3839 0.0001
3973 0.0001
1071 0.0001
1253 0.0001
825 0.0001
2790 0.0001
3653 0.0001
3165 0.0001
3746 0.0001
3846 0.0001
1631 0.0001
3494 0.0001
2295 0.0001
1490 0.0001
2205 0.0001
1422 0.0001
1093 0.0001
1342 0.0001
1527 0.0001
1853 0.0001
3811 0.0001
2514 0.0001
3978 0.0001
974 0.0001
2066 0.0001
761 0.0001
2441 0.0001
2695 0.0001
1057 0.0001
442 0.0001
1697 0.0001
2185 0.0001
521 0.0001
349 0.0001
1442 0.0001
1771 0.0001
581 0.0001
642 0.0001
2019 0.0001
406 0.0001
2413 0.0001
2431 0.0001
2358 0.0001
3489 0.0001
2975 0.0001
2065 0.0001
27 0.0001
859 0.0001
1443 0.0001
3418 0.0001
2605 0.0001
655 0.0001
3673 0.0001
743 0.0001
3133 0.0001
865 0.0001
1254 0.0001
2298 0.0001
1063 0.0001
2565 0.0001
3030 0.0001
3317 0.0001
70 0.0001
1865 0.0001
2942 0.0001
1061 0.0001
2427 0.0001
943 0.0001
998 0.0001
126 0.0001
4006 0.0001
411 0.0001
2878 0.0001
3893 0.0001
2635 0.0001
1670 0.0001
3765 0.0001
1157 0.0001
294 0.0001
1797 0.0001
987 0.0001
3910 0.0001
449 0.0001
1103 0.0001
1069 0.0001
785 0.0001
1058 0.0001
3323 0.0001
899 0.0001
1887 0.0001
910 0.0001
1657 0.0001
154 0.0001
3217 0.0001
2262 0.0001
1607 0.0001
1977 0.0001
1301 0.0001
3885 0.0001
2746 0.0001
3897 0.0001
1411 0.0001
1711 0.0001
485 0.0001
3121 0.0001
3059 0.0001
298 0.0001
937 0.0001
749 0.0001
775 0.0001
63 0.0001
541 0.0001
735 0.0001
1038 0.0001
2454 0.0001
935 0.0001
467 0.0001
499 0.0001
667 0.0001
3699 0.0001
1710 0.0001
2545 0.0001
2899 0.0001
3367 0.0001
3689 0.0001
1455 0.0001
2230 0.0001
3875 0.0001
985 0.0001
2305 0.0001
3805 0.0001
2522 0.0001
3807 0.0001
3694 0.0001
1295 0.0001
1546 0.0001
34 0.0001
235 0.0001
2898 0.0001
1521 0.0001
3467 0.0001
533 0.0001
2021 0.0001
907 0.0001
1855 0.0001
3202 0.0001
3865 0.0001
267 0.0001
283 0.0001
1383 0.0001
3686 0.0001
3597 0.0001
1263 0.0001
3429 0.0001
2613 0.0001
2175 0.0001
2014 0.0001
390 0.0001
3983 0.0001
3333 0.0001
1031 0.0001
250 0.0001
721 0.0001
2517 0.0001
1203 0.0001
3619 0.0001
610 0.0001
385 0.0001
1762 0.0001
3603 0.0001
1151 0.0001
311 0.0001
3143 0.0001
562 0.0001
2971 0.0001
2178 0.0001
671 0.0001
4033 0.0001
206 0.0001
3370 0.0001
1346 0.0001
2383 0.0001
1579 0.0001
3197 0.0001
1414 0.0001
699 0.0001
1463 0.0001
3882 0.0001
138 0.0001
1270 0.0001
3959 0.0001
1510 0.0001
3175 0.0001
2922 0.0001
191 0.0001
3227 0.0001
3854 0.0001
3879 0.0001
2013 0.0001
35 0.0001
3094 0.0001
3942 0.0001
4034 0.0001
1777 0.0001
1326 0.0001
3955 0.0001
2814 0.0001
593 0.0001
279 0.0001
2599 0.0001
1401 0.0001
3582 0.0001
1239 0.0001
1506 0.0001
262 0.0001
2481 0.0001
1354 0.0001
1147 0.0001
3305 0.0001
750 0.0001
1498 0.0001
854 0.0001
1874 0.0001
125 0.0001
3691 0.0001
3717 0.0001
851 0.0001
1775 0.0001
1034 0.0001
790 0.0001
2493 0.0001
2177 0.0001
270 0.0001
1362 0.0001
530 0.0001
1854 0.0001
3375 0.0001
2219 0.0001
2714 0.0001
3161 0.0001
247 0.0001
2182 0.0001
1474 0.0001
1022 0.0001
875 0.0001
883 0.0001
891 0.0001
893 0.0001
1417 0.0001
3413 0.0001
945 0.0001
1713 0.0001
371 0.0001
1759 0.0001
3270 0.0001
1065 0.0001
3235 0.0001
183 0.0001
2811 0.0001
1353 0.0001
1651 0.0001
2998 0.0001
3451 0.0001
3453 0.0001
3570 0.0001
3575 0.0001
3589 0.0001
3650 0.0001
3709 0.0001
3729 0.0001
3798 0.0001
3853 0.0001
3922 0.0001
3935 0.0001
3974 0.0001
1395 0.0001
801 0.0001
841 0.0001
2722 0.0001
2798 0.0001
1755 0.0001
207 0.0001
585 0.0001
602 0.0001
607 0.0001
613 0.0001
638 0.0001
673 0.0001
674 0.0001
234 0.0001
1969 0.0001
1262 0.0001
3125 0.0001
1967 0.0001
2963 0.0001
365 0.0001
911 0.0001
918 0.0001
1119 0.0001
1145 0.0001
1206 0.0001
1233 0.0001
1386 0.0001
1394 0.0001
1430 0.0001
1466 0.0001
1558 0.0001
1581 0.0001
1690 0.0001
1693 0.0001
1834 0.0001
3006 0.0001
2442 0.0001
