106 0.0012
829 0.0011
39 0.0011
555 0.0011
382 0.0011
207 0.0011
979 0.0011
960 0.0011
944 0.0011
811 0.0011
541 0.0011
570 0.0011
91 0.0011
477 0.0011
404 0.0011
745 0.0011
987 0.0011
539 0.0011
99 0.0011
197 0.0011
662 0.0011
109 0.0011
990 0.0011
135 0.0011
875 0.0011
766 0.0011
747 0.0011
683 0.0011
764 0.0011
946 0.0011
305 0.0011
248 0.0011
436 0.0011
462 0.0011
183 0.0011
724 0.0011
337 0.0011
315 0.0011
506 0.0011
816 0.0011
815 0.0011
296 0.0011
464 0.0011
263 0.0011
46 0.0011
288 0.0011
575 0.0011
926 0.0011
24 0.0011
760 0.0011
710 0.0011
962 0.0011
466 0.0011
64 0.0011
906 0.0011
62 0.0011
980 0.0011
761 0.0011
308 0.0011
199 0.0011
913 0.0011
749 0.0011
671 0.0011
739 0.0011
29 0.0011
712 0.0011
953 0.0011
115 0.0011
53 0.0011
810 0.0011
132 0.0011
410 0.0011
451 0.0011
509 0.0011
418 0.0011
504 0.0011
405 0.0011
150 0.0011
870 0.0011
367 0.0011
149 0.0011
931 0.0011
740 0.0011
556 0.0011
371 0.0011
611 0.0011
586 0.0011
813 0.0011
676 0.0011
7 0.0011
86 0.0011
822 0.0011
930 0.0011
358 0.0011
294 0.0011
978 0.0011
489 0.0011
457 0.0011
874 0.0011
269 0.0011
872 0.0011
413 0.0011
511 0.0011
663 0.0011
858 0.0011
564 0.0011
608 0.0011
310 0.0011
967 0.0011
236 0.0011
728 0.0011
218 0.0011
25 0.0011
579 0.0011
134 0.0011
648 0.0011
973 0.0011
700 0.0011
695 0.0011
929 0.0011
797 0.0011
15 0.0011
964 0.0011
792 0.0011
968 0.0011
242 0.0011
168 0.0011
323 0.0011
800 0.0011
568 0.0011
482 0.0011
228 0.0011
212 0.0011
424 0.0011
142 0.0011
316 0.0011
422 0.0011
283 0.0011
146 0.0011
41 0.0011
746 0.0011
89 0.0011
339 0.0011
82 0.0011
163 0.0011
733 0.0011
37 0.0011
118 0.0011
934 0.0011
605 0.0011
569 0.0010
634 0.0010
210 0.0010
171 0.0010
540 0.0010
256 0.0010
643 0.0010
386 0.0010
631 0.0010
642 0.0010
719 0.0010
302 0.0010
36 0.0010
617 0.0010
181 0.0010
195 0.0010
390 0.0010
123 0.0010
715 0.0010
279 0.0010
42 0.0010
182 0.0010
771 0.0010
373 0.0010
796 0.0010
612 0.0010
374 0.0010
756 0.0010
777 0.0010
372 0.0010
338 0.0010
131 0.0010
166 0.0010
723 0.0010
20 0.0010
993 0.0010
989 0.0010
907 0.0010
910 0.0010
117 0.0010
958 0.0010
791 0.0010
512 0.0010
205 0.0010
169 0.0010
481 0.0010
514 0.0010
406 0.0010
301 0.0010
190 0.0010
601 0.0010
830 0.0010
399 0.0010
703 0.0010
116 0.0010
229 0.0010
450 0.0010
461 0.0010
376 0.0010
431 0.0010
701 0.0010
644 0.0010
370 0.0010
141 0.0010
415 0.0010
801 0.0010
795 0.0010
136 0.0010
880 0.0010
826 0.0010
494 0.0010
895 0.0010
921 0.0010
997 0.0010
866 0.0010
970 0.0010
389 0.0010
255 0.0010
356 0.0010
499 0.0010
346 0.0010
922 0.0010
670 0.0010
994 0.0010
673 0.0010
395 0.0010
52 0.0010
309 0.0010
550 0.0010
122 0.0010
943 0.0010
241 0.0010
523 0.0010
471 0.0010
684 0.0010
421 0.0010
185 0.0010
272 0.0010
448 0.0010
812 0.0010
743 0.0010
324 0.0010
881 0.0010
533 0.0010
295 0.0010
497 0.0010
595 0.0010
573 0.0010
547 0.0010
138 0.0010
120 0.0010
654 0.0010
899 0.0010
238 0.0010
245 0.0010
838 0.0010
878 0.0010
609 0.0010
742 0.0010
246 0.0010
535 0.0010
292 0.0010
113 0.0010
351 0.0010
408 0.0010
143 0.0010
790 0.0010
998 0.0010
4 0.0010
627 0.0010
985 0.0010
391 0.0010
802 0.0010
172 0.0010
159 0.0010
908 0.0010
691 0.0010
775 0.0010
257 0.0010
145 0.0010
314 0.0010
689 0.0010
984 0.0010
807 0.0010
381 0.0010
620 0.0010
438 0.0010
162 0.0010
57 0.0010
517 0.0010
328 0.0010
43 0.0010
275 0.0010
592 0.0010
928 0.0010
243 0.0010
180 0.0010
674 0.0010
877 0.0010
580 0.0010
574 0.0010
557 0.0010
124 0.0010
336 0.0010
819 0.0010
365 0.0010
363 0.0010
80 0.0010
303 0.0010
270 0.0010
732 0.0010
101 0.0010
832 0.0010
137 0.0010
193 0.0010
549 0.0010
441 0.0010
560 0.0010
521 0.0010
647 0.0010
287 0.0010
898 0.0010
903 0.0010
767 0.0010
293 0.0010
518 0.0010
354 0.0010
666 0.0010
454 0.0010
59 0.0010
426 0.0010
32 0.0010
383 0.0010
645 0.0010
834 0.0010
224 0.0010
583 0.0010
917 0.0010
388 0.0010
770 0.0010
60 0.0010
936 0.0010
665 0.0010
782 0.0010
237 0.0010
510 0.0010
935 0.0010
845 0.0010
986 0.0010
957 0.0010
868 0.0010
250 0.0010
78 0.0010
465 0.0010
260 0.0010
345 0.0010
226 0.0010
267 0.0010
836 0.0010
713 0.0010
912 0.0010
444 0.0010
203 0.0010
496 0.0010
699 0.0010
982 0.0010
107 0.0010
577 0.0010
2 0.0010
449 0.0010
669 0.0010
353 0.0010
87 0.0010
286 0.0010
625 0.0010
901 0.0010
508 0.0010
247 0.0010
368 0.0010
318 0.0010
411 0.0010
889 0.0010
754 0.0010
688 0.0010
639 0.0010
762 0.0010
240 0.0010
992 0.0010
220 0.0010
566 0.0010
75 0.0010
981 0.0010
192 0.0010
720 0.0010
21 0.0010
66 0.0010
803 0.0010
378 0.0010
818 0.0010
650 0.0010
805 0.0010
687 0.0010
65 0.0010
652 0.0010
692 0.0010
909 0.0010
102 0.0010
581 0.0010
941 0.0010
525 0.0010
127 0.0010
969 0.0010
799 0.0010
636 0.0010
456 0.0010
863 0.0010
522 0.0010
789 0.0010
271 0.0010
98 0.0010
896 0.0010
888 0.0010
788 0.0010
92 0.0010
702 0.0010
208 0.0010
853 0.0010
152 0.0010
254 0.0010
148 0.0010
787 0.0010
681 0.0010
597 0.0010
865 0.0010
394 0.0010
311 0.0010
364 0.0010
359 0.0010
265 0.0010
619 0.0010
882 0.0010
920 0.0010
419 0.0010
326 0.0010
6 0.0010
655 0.0010
894 0.0010
587 0.0010
480 0.0010
537 0.0010
736 0.0010
307 0.0010
646 0.0010
344 0.0010
526 0.0010
995 0.0010
520 0.0010
321 0.0010
938 0.0010
474 0.0010
945 0.0010
31 0.0010
660 0.0010
88 0.0010
852 0.0010
914 0.0010
705 0.0010
793 0.0010
95 0.0010
173 0.0010
561 0.0010
77 0.0010
214 0.0010
963 0.0010
385 0.0010
933 0.0010
785 0.0010
357 0.0010
961 0.0010
38 0.0010
548 0.0010
155 0.0010
234 0.0010
859 0.0010
297 0.0010
798 0.0010
622 0.0010
567 0.0010
884 0.0010
842 0.0010
140 0.0010
333 0.0010
729 0.0010
384 0.0010
606 0.0010
614 0.0010
628 0.0010
266 0.0010
379 0.0010
824 0.0010
460 0.0010
718 0.0010
467 0.0010
649 0.0010
486 0.0010
582 0.0010
927 0.0010
860 0.0010
472 0.0010
348 0.0010
825 0.0010
734 0.0010
83 0.0010
668 0.0010
939 0.0010
741 0.0010
327 0.0010
312 0.0010
90 0.0010
414 0.0010
755 0.0010
783 0.0010
375 0.0010
932 0.0010
565 0.0010
714 0.0010
690 0.0010
280 0.0010
977 0.0010
686 0.0010
23 0.0010
971 0.0010
598 0.0010
121 0.0010
959 0.0010
349 0.0010
40 0.0010
954 0.0010
278 0.0010
949 0.0010
991 0.0010
420 0.0010
864 0.0010
440 0.0010
355 0.0010
194 0.0010
682 0.0010
188 0.0010
847 0.0010
478 0.0010
67 0.0010
833 0.0010
50 0.0010
780 0.0010
463 0.0010
667 0.0010
96 0.0010
458 0.0010
722 0.0010
618 0.0010
615 0.0010
175 0.0010
591 0.0010
249 0.0010
425 0.0010
264 0.0010
891 0.0010
54 0.0010
491 0.0010
252 0.0010
679 0.0010
71 0.0010
626 0.0010
244 0.0010
108 0.0010
103 0.0010
285 0.0010
284 0.0010
128 0.0010
904 0.0010
427 0.0010
869 0.0010
495 0.0010
607 0.0010
613 0.0010
883 0.0010
153 0.0010
717 0.0010
490 0.0010
485 0.0010
774 0.0010
12 0.0010
400 0.0010
704 0.0010
160 0.0010
170 0.0010
804 0.0010
165 0.0010
694 0.0010
919 0.0010
534 0.0010
956 0.0010
948 0.0010
951 0.0010
18 0.0010
30 0.0010
947 0.0010
972 0.0010
572 0.0010
455 0.0010
85 0.0010
528 0.0010
216 0.0010
635 0.0010
498 0.0010
174 0.0010
843 0.0010
637 0.0010
571 0.0010
261 0.0010
459 0.0010
698 0.0010
432 0.0010
144 0.0010
554 0.0010
530 0.0010
125 0.0010
452 0.0010
544 0.0010
753 0.0010
206 0.0010
658 0.0010
638 0.0010
130 0.0010
232 0.0010
590 0.0010
709 0.0010
5 0.0010
13 0.0010
253 0.0010
661 0.0010
488 0.0010
708 0.0010
680 0.0010
546 0.0010
26 0.0010
277 0.0010
763 0.0010
821 0.0010
693 0.0010
558 0.0010
401 0.0010
711 0.0010
84 0.0010
840 0.0010
596 0.0010
808 0.0010
923 0.0010
8 0.0010
940 0.0010
950 0.0010
659 0.0010
975 0.0010
678 0.0010
14 0.0010
104 0.0010
187 0.0010
876 0.0010
44 0.0010
47 0.0010
594 0.0010
851 0.0010
835 0.0010
633 0.0010
507 0.0010
562 0.0010
846 0.0010
392 0.0010
200 0.0010
433 0.0010
397 0.0010
623 0.0010
393 0.0010
820 0.0010
33 0.0010
156 0.0010
291 0.0010
578 0.0010
111 0.0010
19 0.0010
112 0.0010
861 0.0010
320 0.0010
784 0.0010
377 0.0010
251 0.0010
892 0.0010
531 0.0010
890 0.0010
925 0.0010
621 0.0010
97 0.0010
672 0.0010
0 0.0010
781 0.0010
403 0.0010
576 0.0010
360 0.0010
332 0.0010
56 0.0010
76 0.0010
225 0.0010
330 0.0010
262 0.0010
543 0.0010
536 0.0010
94 0.0010
757 0.0010
786 0.0010
773 0.0010
475 0.0010
677 0.0010
988 0.0010
955 0.0010
527 0.0010
744 0.0010
924 0.0010
976 0.0010
268 0.0010
281 0.0010
468 0.0010
434 0.0010
751 0.0010
479 0.0010
879 0.0010
398 0.0010
331 0.0010
369 0.0010
22 0.0010
442 0.0010
827 0.0010
817 0.0010
396 0.0010
844 0.0010
366 0.0010
334 0.0010
412 0.0010
905 0.0010
227 0.0010
191 0.0010
854 0.0010
11 0.0010
473 0.0010
584 0.0010
198 0.0010
217 0.0010
325 0.0010
306 0.0010
696 0.0010
839 0.0010
202 0.0010
862 0.0010
885 0.0010
1 0.0010
519 0.0010
629 0.0010
58 0.0010
45 0.0010
542 0.0010
748 0.0010
443 0.0010
16 0.0010
119 0.0010
34 0.0010
73 0.0010
230 0.0010
524 0.0010
48 0.0010
640 0.0010
779 0.0010
983 0.0010
51 0.0010
72 0.0010
552 0.0010
342 0.0010
738 0.0010
289 0.0010
599 0.0010
129 0.0010
27 0.0010
61 0.0010
772 0.0010
298 0.0010
439 0.0010
290 0.0010
897 0.0010
221 0.0010
551 0.0010
184 0.0010
161 0.0010
603 0.0010
3 0.0010
258 0.0010
758 0.0010
189 0.0010
154 0.0010
610 0.0010
589 0.0010
675 0.0010
423 0.0010
697 0.0010
126 0.0010
177 0.0010
656 0.0010
706 0.0010
735 0.0010
362 0.0010
716 0.0010
28 0.0010
769 0.0010
966 0.0010
937 0.0010
918 0.0010
974 0.0010
502 0.0010
304 0.0009
849 0.0009
151 0.0009
69 0.0009
759 0.0009
616 0.0009
593 0.0009
893 0.0009
515 0.0009
211 0.0009
886 0.0009
201 0.0009
916 0.0009
529 0.0009
49 0.0009
725 0.0009
329 0.0009
809 0.0009
516 0.0009
350 0.0009
721 0.0009
186 0.0009
469 0.0009
347 0.0009
731 0.0009
222 0.0009
492 0.0009
737 0.0009
70 0.0009
794 0.0009
300 0.0009
750 0.0009
999 0.0009
765 0.0009
219 0.0009
778 0.0009
651 0.0009
965 0.0009
429 0.0009
602 0.0009
416 0.0009
453 0.0009
857 0.0009
585 0.0009
196 0.0009
873 0.0009
139 0.0009
235 0.0009
105 0.0009
850 0.0009
841 0.0009
335 0.0009
35 0.0009
513 0.0009
902 0.0009
887 0.0009
157 0.0009
470 0.0009
503 0.0009
178 0.0009
147 0.0009
952 0.0009
81 0.0009
259 0.0009
768 0.0009
996 0.0009
752 0.0009
532 0.0009
685 0.0009
233 0.0009
641 0.0009
867 0.0009
437 0.0009
213 0.0009
493 0.0009
630 0.0009
93 0.0009
428 0.0009
322 0.0009
215 0.0009
915 0.0009
417 0.0009
726 0.0009
68 0.0009
273 0.0009
447 0.0009
653 0.0009
588 0.0009
341 0.0009
409 0.0009
538 0.0009
343 0.0009
361 0.0009
855 0.0009
553 0.0009
435 0.0009
299 0.0009
501 0.0009
814 0.0009
776 0.0009
871 0.0009
900 0.0009
563 0.0009
167 0.0009
657 0.0009
545 0.0009
55 0.0009
823 0.0009
10 0.0009
942 0.0009
911 0.0009
317 0.0009
402 0.0009
483 0.0009
380 0.0009
484 0.0009
831 0.0009
340 0.0009
664 0.0009
164 0.0009
446 0.0009
559 0.0009
727 0.0009
500 0.0009
276 0.0009
239 0.0009
319 0.0009
624 0.0009
79 0.0009
158 0.0009
282 0.0009
179 0.0009
17 0.0009
133 0.0009
632 0.0009
856 0.0009
274 0.0009
476 0.0009
313 0.0009
430 0.0009
231 0.0009
114 0.0009
9 0.0009
110 0.0009
223 0.0009
445 0.0009
600 0.0009
74 0.0009
209 0.0009
806 0.0009
407 0.0009
505 0.0009
352 0.0009
604 0.0009
848 0.0009
63 0.0009
837 0.0009
204 0.0009
176 0.0009
730 0.0009
707 0.0009
100 0.0009
387 0.0009
487 0.0009
828 0.0008
